0,1,2,3,4,5,6,7,8
0.704980,0.003042,0.006542,0.005956,0.000000,0.105461,0.106217,0.056224,0.011577
0.271392,0.000615,0.000904,0.000746,0.000000,0.008961,0.017420,0.043924,0.656038
0.882394,0.000131,0.000478,0.001284,0.000156,0.083631,0.005831,0.012965,0.013131
0.010120,0.003271,0.013866,0.021653,0.000030,0.932713,0.005144,0.006350,0.006852
0.435291,0.000000,0.000042,0.000453,0.000056,0.033844,0.084254,0.249906,0.196153
0.952746,0.004762,0.004015,0.001410,0.000087,0.003490,0.002396,0.029466,0.001629
0.310114,0.002606,0.004165,0.002217,0.000064,0.009264,0.029835,0.191915,0.449821
0.196512,0.000000,0.000173,0.000423,0.000000,0.000972,0.000322,0.001350,0.800248
0.660262,0.000000,0.000197,0.000085,0.000000,0.003054,0.033359,0.294900,0.008143
0.540308,0.001071,0.001983,0.002016,0.000155,0.294816,0.030155,0.112119,0.017376
0.065115,0.001935,0.000767,0.022601,0.000030,0.722616,0.171925,0.008659,0.006353
0.624015,0.001288,0.000664,0.005296,0.000138,0.312206,0.018216,0.022881,0.015297
0.930571,0.000000,0.000202,0.000278,0.000000,0.002312,0.004013,0.046484,0.016140
0.559886,0.000097,0.000205,0.000287,0.000025,0.005498,0.010721,0.414035,0.009246
0.162426,0.006295,0.012286,0.008852,0.000150,0.149731,0.083682,0.561711,0.014868
0.317490,0.000000,0.000000,0.000066,0.000000,0.000875,0.000079,0.000138,0.681354
0.177660,0.368116,0.166843,0.022115,0.016018,0.013518,0.113491,0.022528,0.099710
0.240648,0.000000,0.000454,0.000077,0.000000,0.000763,0.000908,0.014251,0.742899
0.332829,0.006127,0.046501,0.001062,0.000000,0.029524,0.261187,0.153356,0.169414
0.369817,0.001836,0.004543,0.002307,0.000092,0.004715,0.004140,0.027829,0.584722
0.432224,0.000000,0.000025,0.000220,0.000000,0.549217,0.010906,0.002431,0.004978
0.676402,0.001489,0.002837,0.002473,0.000082,0.123314,0.043202,0.142210,0.007992
0.719005,0.000000,0.000037,0.000314,0.000000,0.003185,0.008115,0.102425,0.166919
0.542178,0.092796,0.092504,0.005254,0.000124,0.007167,0.046951,0.208109,0.004917
0.160287,0.001068,0.000649,0.000335,0.000160,0.014536,0.005082,0.102479,0.715404
0.123921,0.000192,0.002169,0.000695,0.000027,0.012976,0.006481,0.031531,0.822008
0.931709,0.002190,0.000509,0.000573,0.000029,0.009212,0.016471,0.012853,0.026454
0.667240,0.000132,0.000476,0.000361,0.000088,0.009670,0.008119,0.101696,0.212219
0.088374,0.009396,0.000940,0.000490,0.000055,0.001458,0.000657,0.000973,0.897657
0.052561,0.001210,0.000216,0.002831,0.000166,0.900503,0.021670,0.007807,0.013036
0.492133,0.000000,0.000154,0.000233,0.000019,0.002092,0.000870,0.007791,0.496708
0.643555,0.000000,0.000748,0.000081,0.000050,0.016708,0.029974,0.200384,0.108499
0.418966,0.000140,0.001465,0.000517,0.000000,0.046246,0.035891,0.490031,0.006745
0.096298,0.000703,0.000792,0.001405,0.000000,0.031341,0.061979,0.048886,0.758597
0.008495,0.000000,0.000000,0.000501,0.000000,0.981028,0.008136,0.000744,0.001097
0.678793,0.000000,0.000000,0.000280,0.000000,0.004085,0.000805,0.003240,0.312797
0.580061,0.003197,0.013536,0.002686,0.000123,0.073418,0.110544,0.203687,0.012748
0.883317,0.000462,0.000611,0.000606,0.000000,0.004342,0.011628,0.054167,0.044867
0.462465,0.000000,0.000029,0.000072,0.000024,0.001882,0.009564,0.018740,0.507222
0.585198,0.000000,0.000027,0.000079,0.000000,0.000785,0.004297,0.407631,0.001984
0.810725,0.001193,0.000218,0.000577,0.000000,0.006943,0.004807,0.021427,0.154111
0.011292,0.000150,0.000557,0.002348,0.000000,0.036426,0.076362,0.869585,0.003279
0.837774,0.004532,0.001151,0.000905,0.000000,0.013233,0.006690,0.000908,0.134807
0.170726,0.000000,0.000038,0.000082,0.000000,0.001554,0.004250,0.809919,0.013431
0.195291,0.001130,0.000665,0.004719,0.000407,0.539586,0.096898,0.035550,0.125754
0.128365,0.000000,0.000904,0.000481,0.000000,0.075846,0.604190,0.181037,0.009177
0.112154,0.000000,0.000453,0.000313,0.000054,0.000963,0.002407,0.436356,0.447301
0.666789,0.000000,0.000547,0.000287,0.000000,0.006644,0.008164,0.173611,0.143957
0.937987,0.009868,0.002651,0.002863,0.000073,0.005565,0.007524,0.011756,0.021714
0.745781,0.000000,0.000000,0.000088,0.000000,0.005809,0.000823,0.002060,0.245439
0.473154,0.000000,0.000463,0.000788,0.000116,0.072883,0.059821,0.049487,0.343288
0.153540,0.000000,0.000000,0.000082,0.000000,0.035431,0.001809,0.696833,0.112305
0.584838,0.000000,0.000428,0.000405,0.000022,0.014935,0.320572,0.063718,0.015082
0.737359,0.000140,0.000514,0.000351,0.000025,0.013870,0.130985,0.048291,0.068465
0.944338,0.000000,0.000039,0.000331,0.000053,0.002292,0.004616,0.011814,0.036516
0.256484,0.000887,0.002318,0.000738,0.000029,0.002699,0.028297,0.688809,0.019738
0.484189,0.002230,0.002125,0.003715,0.000000,0.072978,0.090016,0.029255,0.315493
0.001476,0.000000,0.000000,0.001401,0.000000,0.993239,0.002628,0.000998,0.000258
0.075521,0.007689,0.000572,0.000345,0.000000,0.006431,0.027851,0.853957,0.027634
0.836229,0.000000,0.000228,0.000350,0.000000,0.002531,0.015671,0.138869,0.006122
0.002079,0.000000,0.000000,0.000505,0.000000,0.995491,0.000283,0.001001,0.000640
0.552853,0.000000,0.000116,0.000292,0.000000,0.004600,0.009967,0.425770,0.006402
0.827393,0.000000,0.000705,0.000307,0.000000,0.003441,0.152566,0.013353,0.002236
0.375064,0.492032,0.002204,0.002707,0.105714,0.001155,0.002871,0.000997,0.017255
0.488024,0.002354,0.008735,0.000773,0.000000,0.022677,0.074229,0.393967,0.009241
0.814864,0.004207,0.000565,0.002424,0.000348,0.014805,0.024592,0.024519,0.113676
0.976431,0.000484,0.000259,0.000385,0.000000,0.005682,0.000805,0.011336,0.004618
0.867870,0.000000,0.000157,0.000327,0.000000,0.001318,0.005869,0.002727,0.121732
0.296666,0.000965,0.001347,0.000882,0.000079,0.025375,0.029806,0.013841,0.631037
0.215269,0.000000,0.000033,0.000082,0.000000,0.005977,0.002941,0.010206,0.765492
0.223528,0.000000,0.000034,0.000071,0.000000,0.000631,0.000163,0.006422,0.769152
0.094912,0.000666,0.000929,0.000668,0.000000,0.018497,0.788699,0.089065,0.006563
0.401901,0.000652,0.000524,0.000749,0.000073,0.012651,0.006986,0.430698,0.145766
0.616448,0.000721,0.000496,0.001433,0.000119,0.199495,0.018507,0.095560,0.067220
0.417145,0.047944,0.034995,0.018349,0.000144,0.102074,0.296276,0.064383,0.018690
0.719521,0.002206,0.002076,0.000734,0.000162,0.029006,0.064536,0.134900,0.046859
0.238287,0.110381,0.155529,0.023201,0.000192,0.058145,0.120798,0.280955,0.012513
0.335143,0.002323,0.001490,0.001984,0.000000,0.095099,0.371242,0.047942,0.144777
0.502634,0.000717,0.001070,0.000150,0.000000,0.004853,0.002673,0.008250,0.479654
0.373488,0.004264,0.011213,0.003460,0.000162,0.067143,0.143684,0.170798,0.225788
0.054356,0.000000,0.000158,0.000087,0.000000,0.005678,0.002005,0.819968,0.117749
0.301669,0.007425,0.012918,0.004902,0.000118,0.002766,0.017672,0.045069,0.607460
0.694683,0.002530,0.002956,0.003320,0.000167,0.156002,0.080643,0.051416,0.008282
0.640761,0.000627,0.002680,0.000351,0.000000,0.016505,0.088861,0.241589,0.008626
0.484358,0.000000,0.000454,0.000081,0.000000,0.024231,0.025303,0.383009,0.082564
0.355664,0.000000,0.000033,0.000071,0.000000,0.007320,0.010134,0.544783,0.081995
0.145066,0.165900,0.033979,0.017954,0.000560,0.161591,0.121260,0.057454,0.296236
0.473626,0.001457,0.000719,0.000579,0.000030,0.078531,0.153514,0.210676,0.080870
0.748162,0.028108,0.013987,0.003332,0.000027,0.057917,0.015473,0.004332,0.128663
0.373779,0.012187,0.002323,0.001547,0.000261,0.004448,0.011454,0.003343,0.590659
0.320040,0.001765,0.002282,0.000927,0.011270,0.020580,0.089532,0.518497,0.035107
0.045999,0.000000,0.000514,0.000093,0.000000,0.001133,0.000503,0.000761,0.950996
0.051334,0.000000,0.000000,0.000093,0.000000,0.001300,0.000200,0.946985,0.000088
0.867779,0.000000,0.000528,0.000087,0.000000,0.006465,0.049216,0.069200,0.006723
0.544808,0.148929,0.075604,0.146365,0.000195,0.029087,0.027822,0.019328,0.007862
0.163561,0.000000,0.000253,0.004821,0.000093,0.787908,0.007960,0.002199,0.033205
0.380926,0.000524,0.000739,0.001041,0.000000,0.053677,0.003336,0.007331,0.552427
0.272882,0.000827,0.000195,0.001998,0.000074,0.461807,0.004355,0.012401,0.245461
0.052191,0.344306,0.134356,0.005647,0.000108,0.002905,0.012220,0.442483,0.005785
0.975323,0.000000,0.000562,0.000339,0.000000,0.001101,0.002958,0.007771,0.011948
0.935581,0.000633,0.002508,0.000671,0.000000,0.002858,0.012314,0.031335,0.014100
0.710266,0.000000,0.000034,0.000092,0.000000,0.004114,0.011684,0.032008,0.241802
0.220985,0.000112,0.000498,0.000558,0.000024,0.010136,0.003741,0.015023,0.748923
0.294649,0.000113,0.001794,0.000389,0.000000,0.029268,0.025039,0.646204,0.002544
0.001275,0.000000,0.000000,0.000344,0.000000,0.997965,0.000177,0.000151,0.000088
0.007579,0.001594,0.002190,0.046949,0.000052,0.918647,0.019790,0.000991,0.002209
0.248993,0.000000,0.000172,0.000075,0.000000,0.002457,0.000279,0.077495,0.670529
0.165746,0.029182,0.023249,0.012495,0.000047,0.045182,0.006224,0.004930,0.712945
0.251136,0.000442,0.000875,0.000592,0.000000,0.003225,0.001136,0.000890,0.741704
0.951304,0.000639,0.000266,0.000487,0.000157,0.015724,0.009735,0.006859,0.014829
0.084023,0.000000,0.000000,0.001292,0.000000,0.896999,0.016976,0.000275,0.000434
0.302889,0.000842,0.034469,0.000709,0.000031,0.066471,0.074264,0.512832,0.007493
0.389945,0.000147,0.000203,0.001348,0.000422,0.135216,0.019718,0.319496,0.133505
0.343555,0.000129,0.000000,0.003139,0.000328,0.163934,0.006431,0.018610,0.463874
0.097935,0.002536,0.000549,0.000817,0.000000,0.012846,0.004658,0.007626,0.873033
0.372834,0.000697,0.000705,0.000614,0.000077,0.050933,0.004097,0.051841,0.518202
0.158297,0.100896,0.027976,0.005769,0.000435,0.018574,0.018328,0.021311,0.648414
0.917733,0.000000,0.000207,0.000416,0.000000,0.002759,0.073591,0.003716,0.001578
0.760931,0.032282,0.004076,0.000818,0.000128,0.035623,0.110002,0.047715,0.008425
0.536111,0.000000,0.000000,0.000068,0.000055,0.000541,0.000479,0.028895,0.433850
0.651479,0.002327,0.000536,0.001086,0.000312,0.029282,0.239923,0.051296,0.023759
0.250437,0.000626,0.001581,0.001041,0.000000,0.011576,0.005112,0.004903,0.724724
0.308992,0.000739,0.000244,0.003198,0.000373,0.445922,0.017141,0.153020,0.070369
0.461578,0.000000,0.000029,0.000068,0.000000,0.008331,0.022489,0.501077,0.006427
0.185032,0.000000,0.000192,0.000329,0.000000,0.001205,0.000322,0.000843,0.812077
0.010355,0.617957,0.315769,0.024832,0.000085,0.000943,0.015496,0.001816,0.012748
0.518316,0.048583,0.015535,0.002420,0.000175,0.187796,0.047878,0.015498,0.163800
0.053516,0.000000,0.000721,0.006180,0.000000,0.705415,0.026024,0.004446,0.203699
0.089511,0.000000,0.000000,0.000093,0.000000,0.001968,0.000194,0.000868,0.907365
0.239479,0.000114,0.000415,0.000343,0.000000,0.001116,0.000408,0.000802,0.757323
0.076581,0.000000,0.000284,0.001460,0.000037,0.554591,0.070560,0.293403,0.003084
0.108681,0.000130,0.000458,0.000181,0.000000,0.020872,0.137413,0.730033,0.002233
0.347995,0.025912,0.030053,0.004340,0.000105,0.071503,0.274103,0.085199,0.160789
0.285270,0.001005,0.000501,0.000685,0.000028,0.025084,0.005495,0.105358,0.576574
0.233419,0.002678,0.000546,0.001411,0.000112,0.046702,0.011241,0.061224,0.642665
0.007375,0.000000,0.000222,0.000723,0.000000,0.029456,0.000682,0.000978,0.960564
0.808996,0.000000,0.000038,0.000368,0.000000,0.014719,0.006173,0.035356,0.134351
0.688077,0.000000,0.000224,0.000237,0.000050,0.038336,0.128787,0.132607,0.011683
0.192831,0.000143,0.000510,0.000283,0.000000,0.000980,0.003838,0.005473,0.795942
0.301931,0.000114,0.000507,0.000076,0.000071,0.023163,0.002504,0.054666,0.616968
0.040167,0.014183,0.012211,0.007076,0.000055,0.002851,0.004353,0.003014,0.916090
0.951762,0.001678,0.002418,0.000864,0.000000,0.002443,0.005772,0.019363,0.015700
0.088533,0.002277,0.003130,0.001622,0.000000,0.060880,0.799640,0.019953,0.023964
0.390741,0.396577,0.195672,0.013755,0.000000,0.000021,0.001943,0.000147,0.001143
0.946533,0.000133,0.000215,0.000386,0.000083,0.003056,0.007097,0.029751,0.012747
0.012799,0.002301,0.002174,0.040623,0.000067,0.914052,0.017138,0.006336,0.004510
0.720223,0.002630,0.005662,0.001809,0.000000,0.008733,0.029966,0.115292,0.115685
0.233151,0.021225,0.020547,0.014951,0.000157,0.114646,0.540408,0.044938,0.009977
0.626371,0.141913,0.009822,0.004510,0.025508,0.021048,0.122608,0.010418,0.037802
0.178862,0.004795,0.001948,0.001793,0.000000,0.017636,0.003302,0.005169,0.786496
0.024450,0.007653,0.009558,0.002290,0.000119,0.017922,0.319382,0.612859,0.005767
0.002875,0.520834,0.300400,0.071602,0.000145,0.001731,0.032077,0.001117,0.069218
0.003860,0.611785,0.254670,0.009979,0.033026,0.014119,0.038227,0.026567,0.007767
0.272409,0.000000,0.000444,0.000767,0.000122,0.561516,0.003967,0.104104,0.056670
0.663376,0.000729,0.000784,0.000850,0.000000,0.013794,0.015359,0.086520,0.218587
0.019531,0.000000,0.000277,0.000097,0.000000,0.002854,0.004320,0.966862,0.006060
0.759649,0.000000,0.000033,0.000386,0.000000,0.001504,0.006813,0.228400,0.003216
0.226901,0.000000,0.000490,0.000555,0.000054,0.043195,0.069739,0.633579,0.025486
0.632524,0.000000,0.000274,0.000595,0.000000,0.048089,0.004816,0.016822,0.296881
0.096250,0.002711,0.003974,0.001799,0.000000,0.005223,0.005879,0.013116,0.871047
0.825105,0.000136,0.000590,0.000412,0.000164,0.034061,0.059274,0.065220,0.015038
0.274651,0.000664,0.002218,0.000367,0.000000,0.054001,0.017999,0.647301,0.002799
0.806151,0.002161,0.000546,0.000523,0.000155,0.013657,0.078179,0.035149,0.063479
0.764071,0.000000,0.000533,0.000448,0.000000,0.045567,0.052692,0.001639,0.135050
0.387577,0.000000,0.000486,0.000584,0.000066,0.000908,0.002907,0.166184,0.441287
0.219789,0.001567,0.001663,0.001548,0.000092,0.217794,0.024516,0.144331,0.388701
0.129056,0.017884,0.000337,0.095134,0.066629,0.010018,0.620901,0.058523,0.001520
0.478194,0.002422,0.003596,0.002071,0.000029,0.020139,0.056723,0.427397,0.009429
0.778737,0.041921,0.002065,0.002553,0.089602,0.006074,0.011072,0.003528,0.064447
0.947197,0.000000,0.000206,0.000324,0.000000,0.008567,0.011768,0.003445,0.028493
0.006472,0.600031,0.358943,0.028013,0.000000,0.001131,0.004081,0.000904,0.000424
0.339301,0.002191,0.002134,0.002532,0.000026,0.090960,0.111420,0.027191,0.424246
0.152819,0.242315,0.259819,0.012222,0.000673,0.088699,0.084437,0.109772,0.049244
0.369297,0.003008,0.000565,0.001543,0.000181,0.067138,0.030886,0.364211,0.163170
0.582816,0.000603,0.000580,0.000286,0.000360,0.006161,0.053970,0.044764,0.310459
0.033824,0.062638,0.027794,0.006189,0.000045,0.000934,0.001855,0.001775,0.864945
0.280348,0.001463,0.000034,0.000295,0.000065,0.022058,0.002601,0.071909,0.621227
0.107921,0.023340,0.022116,0.006615,0.000120,0.010268,0.038790,0.015352,0.775478
0.493333,0.007696,0.008826,0.000988,0.000000,0.024632,0.139992,0.319964,0.004570
0.382208,0.000000,0.000146,0.000063,0.000000,0.001361,0.000246,0.001686,0.614290
0.787233,0.000545,0.002041,0.000697,0.000000,0.031455,0.014703,0.139736,0.023590
0.647666,0.001810,0.002421,0.000662,0.000082,0.072974,0.193811,0.071678,0.008897
0.017013,0.065572,0.018379,0.016828,0.000000,0.029177,0.022150,0.695382,0.135499
0.416485,0.000140,0.001040,0.000387,0.000094,0.011170,0.325507,0.241681,0.003495
0.330143,0.000000,0.000000,0.000249,0.000000,0.000713,0.000661,0.001248,0.666986
0.105309,0.017712,0.004121,0.002001,0.000030,0.020205,0.007647,0.020400,0.822575
0.065387,0.028552,0.038056,0.014516,0.000031,0.009147,0.010938,0.008147,0.825226
0.444596,0.000000,0.000140,0.000064,0.000000,0.000758,0.000526,0.002135,0.551781
0.672952,0.000000,0.000000,0.000520,0.000022,0.005753,0.003384,0.308978,0.008390
0.173054,0.000000,0.000680,0.000344,0.000000,0.052979,0.058936,0.706551,0.007456
0.944078,0.004937,0.000557,0.000923,0.000350,0.004229,0.008175,0.014951,0.021799
0.516266,0.000000,0.000412,0.000263,0.000000,0.011280,0.012925,0.015674,0.443179
0.321348,0.021348,0.004295,0.014835,0.000084,0.097280,0.025116,0.016457,0.499235
0.893420,0.000000,0.000000,0.000357,0.000000,0.002569,0.001992,0.003304,0.098357
0.803907,0.000000,0.000345,0.000678,0.000000,0.037093,0.010146,0.119318,0.028514
0.000684,0.778617,0.193781,0.019388,0.000124,0.000864,0.001014,0.001021,0.004507
0.000043,0.969730,0.024814,0.004436,0.000000,0.000023,0.000095,0.000770,0.000090
0.001812,0.927442,0.043354,0.006439,0.000189,0.001586,0.004247,0.005077,0.009853
0.001663,0.820521,0.154206,0.016222,0.000030,0.000875,0.002870,0.001053,0.002559
0.000675,0.790822,0.170945,0.006885,0.000181,0.001559,0.013659,0.001827,0.013447
0.000478,0.560861,0.354948,0.000944,0.026858,0.040547,0.003302,0.011768,0.000294
0.000042,0.997563,0.000800,0.001157,0.000000,0.000022,0.000177,0.000152,0.000088
0.000206,0.779222,0.218468,0.001113,0.000080,0.000415,0.000258,0.000160,0.000079
0.001042,0.984360,0.010191,0.001567,0.000000,0.000023,0.000370,0.002359,0.000088
0.015346,0.712782,0.038298,0.019744,0.008102,0.004062,0.002887,0.012064,0.186716
0.006074,0.506239,0.057710,0.024355,0.000119,0.248199,0.107703,0.005678,0.043923
0.000043,0.889957,0.107961,0.001421,0.000000,0.000021,0.000360,0.000151,0.000086
0.000108,0.475098,0.436790,0.080367,0.000032,0.000906,0.005564,0.000945,0.000192
0.001548,0.886750,0.079370,0.027162,0.000054,0.001342,0.001831,0.000407,0.001536
0.000423,0.959384,0.025432,0.012008,0.000000,0.000177,0.000373,0.000178,0.002025
0.000043,0.850268,0.133149,0.016052,0.000000,0.000022,0.000200,0.000177,0.000088
0.000043,0.944408,0.026810,0.028263,0.000000,0.000023,0.000182,0.000180,0.000091
0.000041,0.999029,0.000180,0.000393,0.000000,0.000022,0.000094,0.000151,0.000088
0.000288,0.939565,0.054769,0.004171,0.000000,0.000458,0.000510,0.000153,0.000087
0.000356,0.993432,0.004143,0.000717,0.000000,0.000565,0.000284,0.000176,0.000328
0.000039,0.216946,0.781440,0.000093,0.000000,0.000024,0.000693,0.000679,0.000087
0.000106,0.946774,0.029906,0.021938,0.000000,0.000023,0.001009,0.000155,0.000090
0.021910,0.669119,0.166119,0.001407,0.000176,0.066399,0.013202,0.045828,0.015839
0.000361,0.907208,0.010655,0.078558,0.000000,0.001134,0.000371,0.000496,0.001217
0.000041,0.664702,0.319035,0.014267,0.000000,0.000022,0.001610,0.000152,0.000171
0.000043,0.909715,0.077886,0.011737,0.000000,0.000022,0.000362,0.000150,0.000087
0.000229,0.995696,0.002705,0.000511,0.000000,0.000022,0.000095,0.000327,0.000414
0.000660,0.507191,0.412614,0.068148,0.000093,0.001477,0.004539,0.002567,0.002712
0.000841,0.860705,0.118601,0.012367,0.000084,0.001420,0.003568,0.001004,0.001410
0.002552,0.275041,0.151593,0.047873,0.484661,0.001166,0.032159,0.001186,0.003767
0.000442,0.445135,0.546900,0.000468,0.004098,0.000511,0.001739,0.000464,0.000243
0.000566,0.944845,0.041992,0.010160,0.000000,0.000180,0.001010,0.000535,0.000712
0.000362,0.359405,0.525559,0.106811,0.000000,0.000956,0.006047,0.000684,0.000176
0.000356,0.579682,0.354830,0.061119,0.000000,0.000022,0.003723,0.000178,0.000089
0.082709,0.615202,0.024260,0.005312,0.000217,0.125678,0.124448,0.010700,0.011475
0.000231,0.679716,0.307242,0.011271,0.000000,0.000311,0.000366,0.000317,0.000546
0.000041,0.998161,0.000041,0.001146,0.000000,0.000171,0.000201,0.000151,0.000088
0.000290,0.994216,0.002204,0.002006,0.000122,0.000022,0.000286,0.000591,0.000262
0.000036,0.385043,0.171133,0.443147,0.000000,0.000147,0.000270,0.000138,0.000086
0.001346,0.835967,0.142984,0.010674,0.000000,0.000969,0.001346,0.000909,0.005805
0.000042,0.990902,0.006499,0.001929,0.000000,0.000022,0.000366,0.000152,0.000089
0.000358,0.697859,0.212279,0.085021,0.000029,0.000631,0.001078,0.000703,0.002042
0.000099,0.559523,0.419316,0.006131,0.009949,0.000962,0.003263,0.000588,0.000170
0.000454,0.359096,0.275832,0.000448,0.361645,0.000132,0.001550,0.000331,0.000512
0.000043,0.916418,0.076993,0.004219,0.000000,0.000023,0.002063,0.000152,0.000088
0.000359,0.997840,0.000798,0.000207,0.000000,0.000022,0.000095,0.000367,0.000310
0.000040,0.673380,0.310968,0.006848,0.000000,0.000023,0.008433,0.000145,0.000163
0.000228,0.994318,0.003385,0.001479,0.000043,0.000022,0.000284,0.000152,0.000089
0.000041,0.997156,0.000279,0.001302,0.000000,0.000022,0.000364,0.000746,0.000088
0.000419,0.727914,0.260128,0.007106,0.000000,0.000821,0.002599,0.000518,0.000496
0.000605,0.645891,0.143713,0.200300,0.000000,0.001857,0.003330,0.000852,0.003451
0.000650,0.781642,0.205686,0.006953,0.000055,0.000021,0.003770,0.000964,0.000259
0.000397,0.448117,0.510616,0.028104,0.000084,0.000169,0.010432,0.000893,0.001188
0.000042,0.919024,0.067855,0.012454,0.000000,0.000022,0.000364,0.000151,0.000087
0.000044,0.942756,0.051376,0.000567,0.000123,0.000981,0.003099,0.000787,0.000267
0.000040,0.259263,0.740060,0.000095,0.000000,0.000023,0.000284,0.000148,0.000088
0.000039,0.791839,0.199379,0.008401,0.000000,0.000021,0.000091,0.000144,0.000086
0.000042,0.991097,0.007569,0.000852,0.000000,0.000022,0.000177,0.000152,0.000089
0.000537,0.317345,0.661151,0.019588,0.000000,0.000022,0.001130,0.000143,0.000084
0.000042,0.641038,0.334968,0.000371,0.000000,0.017090,0.003418,0.002983,0.000089
0.000417,0.997209,0.000527,0.001084,0.000133,0.000022,0.000367,0.000152,0.000089
0.000678,0.362300,0.556816,0.058257,0.000000,0.001187,0.019278,0.000597,0.000887
0.000043,0.953211,0.028827,0.016286,0.000000,0.000177,0.001208,0.000155,0.000090
0.000039,0.323632,0.602204,0.073594,0.000000,0.000022,0.000274,0.000148,0.000087
0.000524,0.826315,0.148075,0.022381,0.000000,0.001144,0.000526,0.000772,0.000264
0.000222,0.755187,0.236127,0.005622,0.000030,0.000673,0.001014,0.000171,0.000953
0.000102,0.995314,0.002466,0.001234,0.000000,0.000172,0.000259,0.000364,0.000089
0.000228,0.996196,0.002208,0.000414,0.000000,0.000172,0.000366,0.000326,0.000089
0.000801,0.768975,0.209889,0.012993,0.000000,0.000466,0.004442,0.000764,0.001670
0.001351,0.948425,0.035653,0.005078,0.000127,0.001182,0.002239,0.001719,0.004226
0.000461,0.995906,0.002198,0.000710,0.000030,0.000172,0.000283,0.000151,0.000088
0.001562,0.854912,0.123049,0.008711,0.000000,0.004447,0.003489,0.001051,0.002778
0.000227,0.134038,0.786788,0.063105,0.000000,0.001004,0.013825,0.000839,0.000174
0.000317,0.643728,0.317362,0.000212,0.000131,0.006344,0.026384,0.005421,0.000101
0.001707,0.677745,0.229696,0.075463,0.000000,0.002727,0.006597,0.001851,0.004214
0.077281,0.808680,0.012342,0.001261,0.000462,0.070084,0.008204,0.007099,0.014587
0.000043,0.871781,0.126521,0.000100,0.000029,0.000179,0.000281,0.000978,0.000089
0.000042,0.996885,0.000753,0.000722,0.000030,0.000022,0.000367,0.001008,0.000171
0.000041,0.997791,0.000582,0.001230,0.000000,0.000022,0.000094,0.000151,0.000088
0.000228,0.959945,0.004287,0.035103,0.000000,0.000022,0.000095,0.000151,0.000169
0.000234,0.778090,0.213272,0.007708,0.000000,0.000020,0.000432,0.000153,0.000091
0.000041,0.990403,0.004832,0.004177,0.000000,0.000022,0.000283,0.000152,0.000089
0.001163,0.570750,0.033305,0.385423,0.000153,0.007300,0.000678,0.000739,0.000489
0.001578,0.825206,0.091641,0.045448,0.024534,0.001079,0.005613,0.000765,0.004137
0.000228,0.496181,0.072358,0.430268,0.000000,0.000162,0.000491,0.000147,0.000167
0.000229,0.734796,0.240902,0.023142,0.000000,0.000164,0.000423,0.000176,0.000167
0.000038,0.462528,0.534339,0.000353,0.000000,0.001979,0.000174,0.000512,0.000077
0.000041,0.834457,0.024733,0.139420,0.000000,0.000442,0.000389,0.000354,0.000166
0.000486,0.959330,0.034481,0.004553,0.000000,0.000457,0.000370,0.000152,0.000171
0.000042,0.996477,0.002454,0.000668,0.000000,0.000022,0.000095,0.000153,0.000089
0.000041,0.977552,0.020142,0.001709,0.000000,0.000023,0.000290,0.000153,0.000090
0.000040,0.861004,0.138324,0.000092,0.000000,0.000021,0.000095,0.000335,0.000089
0.000286,0.690678,0.247809,0.058628,0.000126,0.000306,0.000361,0.000516,0.001291
0.000331,0.884369,0.031233,0.056262,0.000141,0.001065,0.001319,0.023401,0.001879
0.000228,0.986379,0.008968,0.004012,0.000056,0.000022,0.000094,0.000152,0.000089
0.000990,0.937329,0.022107,0.032143,0.000127,0.003053,0.002159,0.001051,0.001040
0.000106,0.380511,0.601481,0.006586,0.000075,0.005227,0.000420,0.005413,0.000181
0.000042,0.987601,0.011150,0.000852,0.000000,0.000022,0.000094,0.000151,0.000088
0.000406,0.808345,0.183067,0.003470,0.000000,0.000821,0.002536,0.000773,0.000582
0.000043,0.131398,0.868072,0.000104,0.000000,0.000026,0.000093,0.000177,0.000087
0.000780,0.404117,0.580681,0.006528,0.000000,0.001115,0.004803,0.000766,0.001211
0.000806,0.859150,0.080235,0.045439,0.000089,0.001956,0.002781,0.001116,0.008429
0.000041,0.998665,0.000525,0.000413,0.000000,0.000022,0.000094,0.000151,0.000088
0.000378,0.338101,0.306695,0.349786,0.000000,0.000410,0.003237,0.000327,0.001066
0.000105,0.961888,0.034783,0.002556,0.000000,0.000023,0.000375,0.000179,0.000091
0.020791,0.517363,0.126011,0.010408,0.135957,0.017050,0.055843,0.036451,0.080126
0.000216,0.559172,0.419144,0.017069,0.000000,0.000022,0.004125,0.000169,0.000084
0.000226,0.611060,0.377742,0.004584,0.000000,0.000021,0.005342,0.000936,0.000089
0.002332,0.505322,0.388704,0.030354,0.000000,0.001263,0.067149,0.001821,0.003056
0.000650,0.881958,0.107864,0.005558,0.000055,0.000677,0.001336,0.001663,0.000239
0.000041,0.998260,0.000525,0.000709,0.000000,0.000022,0.000202,0.000151,0.000089
0.000041,0.981642,0.001950,0.015983,0.000000,0.000022,0.000096,0.000176,0.000090
0.003660,0.680216,0.255335,0.043968,0.000000,0.004074,0.008309,0.001672,0.002766
0.001538,0.422217,0.480743,0.044064,0.000096,0.001084,0.046749,0.002293,0.001215
0.000519,0.711435,0.182357,0.100869,0.000070,0.001177,0.002358,0.000610,0.000605
0.001576,0.418399,0.446615,0.075743,0.000000,0.000968,0.003077,0.003315,0.050308
0.000748,0.848842,0.137254,0.002174,0.000032,0.001153,0.004548,0.003610,0.001639
0.000370,0.830373,0.132219,0.031870,0.000054,0.000596,0.003325,0.000177,0.001017
0.000226,0.676726,0.304518,0.016322,0.000070,0.000660,0.000953,0.000360,0.000165
0.000042,0.971415,0.010651,0.017251,0.000000,0.000023,0.000373,0.000155,0.000090
0.000228,0.463727,0.278926,0.250991,0.000000,0.000529,0.004312,0.000968,0.000317
0.000526,0.611556,0.355205,0.023096,0.000000,0.001956,0.003857,0.001852,0.001953
0.000347,0.993399,0.002272,0.000679,0.000124,0.000178,0.000370,0.002297,0.000334
0.000041,0.998038,0.000797,0.000659,0.000000,0.000022,0.000202,0.000151,0.000089
0.000038,0.538989,0.438851,0.021699,0.000000,0.000023,0.000183,0.000137,0.000081
0.000281,0.447073,0.350658,0.154300,0.000000,0.000020,0.046838,0.000743,0.000087
0.002054,0.618806,0.129817,0.119872,0.032480,0.069981,0.005959,0.008746,0.012285
0.000042,0.997238,0.001988,0.000208,0.000085,0.000022,0.000177,0.000151,0.000088
0.000227,0.655691,0.143934,0.199606,0.000000,0.000022,0.000281,0.000150,0.000088
0.001527,0.668839,0.267699,0.039107,0.000098,0.001475,0.010351,0.008677,0.002228
0.000744,0.942371,0.039474,0.013714,0.000000,0.000179,0.002435,0.000564,0.000518
0.001534,0.282470,0.487225,0.080275,0.000068,0.001439,0.145891,0.000855,0.000243
0.000041,0.997618,0.001253,0.000709,0.000000,0.000022,0.000094,0.000175,0.000088
0.000039,0.746503,0.251365,0.000092,0.000000,0.000790,0.000180,0.000951,0.000079
0.000416,0.963239,0.029308,0.006491,0.000000,0.000023,0.000284,0.000151,0.000088
0.000042,0.966930,0.032055,0.000344,0.000000,0.000022,0.000367,0.000152,0.000089
0.000300,0.963666,0.029778,0.001925,0.000056,0.000700,0.001897,0.000763,0.000915
0.000225,0.323898,0.389599,0.282240,0.000104,0.000434,0.003175,0.000168,0.000159
0.001696,0.948341,0.021552,0.012602,0.000031,0.001211,0.000546,0.004362,0.009659
0.000041,0.999506,0.000000,0.000097,0.000000,0.000022,0.000094,0.000151,0.000088
0.000220,0.778714,0.210926,0.009175,0.000000,0.000169,0.000483,0.000147,0.000166
0.000044,0.872360,0.034184,0.092983,0.000000,0.000020,0.000167,0.000154,0.000088
0.000041,0.968178,0.027633,0.003373,0.000000,0.000023,0.000290,0.000371,0.000091
0.000041,0.991141,0.002875,0.005562,0.000000,0.000022,0.000094,0.000175,0.000089
0.000042,0.997091,0.000585,0.001292,0.000000,0.000022,0.000094,0.000786,0.000088
0.000423,0.956064,0.028214,0.011996,0.000088,0.001160,0.000725,0.000993,0.000337
0.000038,0.384259,0.612774,0.000365,0.000028,0.000381,0.000451,0.001627,0.000077
0.004226,0.758227,0.205619,0.004802,0.000077,0.014523,0.009011,0.001910,0.001605
0.000042,0.986578,0.006088,0.006935,0.000000,0.000022,0.000095,0.000152,0.000089
0.000977,0.931713,0.054643,0.001421,0.004529,0.001181,0.002630,0.001749,0.001157
0.002013,0.796065,0.002152,0.001369,0.000000,0.000954,0.000424,0.001465,0.195558
0.000037,0.514306,0.485236,0.000089,0.000000,0.000021,0.000081,0.000153,0.000076
0.000104,0.970387,0.020773,0.004186,0.000056,0.000975,0.002736,0.000522,0.000261
0.000948,0.862626,0.097116,0.035602,0.000055,0.000460,0.002265,0.000493,0.000434
0.000042,0.992849,0.004139,0.002508,0.000000,0.000022,0.000177,0.000175,0.000089
0.000227,0.988087,0.008655,0.002485,0.000000,0.000022,0.000283,0.000152,0.000089
0.001385,0.325814,0.632501,0.013477,0.000000,0.000457,0.023392,0.000677,0.002297
0.002272,0.910560,0.045252,0.014569,0.000031,0.001605,0.000547,0.001078,0.024086
0.000216,0.515580,0.365972,0.116317,0.000000,0.000021,0.001591,0.000144,0.000158
0.000042,0.996634,0.001473,0.001366,0.000000,0.000022,0.000200,0.000175,0.000088
0.000042,0.991728,0.000801,0.007073,0.000000,0.000022,0.000094,0.000152,0.000088
0.000228,0.708132,0.271818,0.018096,0.000000,0.000640,0.000825,0.000172,0.000089
0.001845,0.561036,0.144552,0.073165,0.187034,0.005093,0.021016,0.005306,0.000953
0.000222,0.677845,0.287534,0.032779,0.000000,0.000019,0.001365,0.000148,0.000087
0.000105,0.790133,0.180802,0.024228,0.000031,0.000551,0.002974,0.000918,0.000258
0.000042,0.992731,0.000527,0.006181,0.000000,0.000022,0.000258,0.000151,0.000088
0.001715,0.937494,0.027330,0.025994,0.000174,0.001600,0.001958,0.001780,0.001953
0.001005,0.694303,0.246021,0.043065,0.000000,0.000890,0.013333,0.000958,0.000425
0.000042,0.949894,0.036160,0.013552,0.000000,0.000023,0.000093,0.000150,0.000087
0.002388,0.720511,0.250286,0.003077,0.000077,0.001674,0.004294,0.007845,0.009848
0.000636,0.854269,0.135841,0.005158,0.000000,0.000999,0.000859,0.001715,0.000523
0.000042,0.984530,0.014387,0.000416,0.000000,0.000022,0.000364,0.000151,0.000088
0.000216,0.338595,0.627915,0.031987,0.000029,0.000022,0.000481,0.000363,0.000392
0.000878,0.726524,0.251028,0.015079,0.000089,0.001162,0.003053,0.001670,0.000517
0.000311,0.438701,0.418431,0.135379,0.000071,0.000710,0.005219,0.000901,0.000276
0.000042,0.992786,0.006464,0.000349,0.000000,0.000022,0.000095,0.000152,0.000089
0.000312,0.829443,0.091777,0.075144,0.000053,0.001435,0.000528,0.000707,0.000601
0.000549,0.682112,0.210016,0.106193,0.000000,0.000022,0.000874,0.000148,0.000086
0.000289,0.996692,0.000585,0.001995,0.000000,0.000022,0.000177,0.000152,0.000089
0.000228,0.801829,0.177345,0.015506,0.000000,0.001127,0.001770,0.000745,0.001450
0.000225,0.669573,0.314674,0.013659,0.000000,0.000663,0.000483,0.000560,0.000164
0.000226,0.778185,0.192523,0.011349,0.000132,0.000184,0.014051,0.000931,0.002419
0.000378,0.434641,0.561054,0.000573,0.000000,0.001073,0.001255,0.000857,0.000169
0.000040,0.780878,0.204503,0.014056,0.000000,0.000023,0.000181,0.000151,0.000168
0.000042,0.961534,0.034563,0.003129,0.000000,0.000022,0.000289,0.000330,0.000090
0.000515,0.667047,0.267315,0.062543,0.000326,0.000442,0.000699,0.000724,0.000390
0.000041,0.800384,0.181189,0.012070,0.000000,0.000475,0.004977,0.000768,0.000097
0.014870,0.512617,0.297063,0.076738,0.000489,0.001947,0.084731,0.008076,0.003469
0.000355,0.110821,0.884103,0.000103,0.000000,0.000914,0.000767,0.002753,0.000185
0.002156,0.315504,0.509731,0.066941,0.000000,0.001058,0.103378,0.001057,0.000175
0.001291,0.835258,0.134955,0.026755,0.000000,0.000175,0.000708,0.000173,0.000684
0.002030,0.873454,0.000623,0.002829,0.000000,0.011047,0.000857,0.000372,0.108788
0.000037,0.501451,0.496550,0.000089,0.000000,0.000022,0.000240,0.001440,0.000171
0.002513,0.927766,0.000879,0.002005,0.000000,0.055683,0.003227,0.003521,0.004406
0.000679,0.815268,0.172661,0.007399,0.000000,0.000849,0.000384,0.001668,0.001092
0.003222,0.818942,0.065425,0.075118,0.000101,0.020227,0.007120,0.002936,0.006908
0.000039,0.468210,0.518025,0.010570,0.000000,0.000021,0.002915,0.000140,0.000080
0.000365,0.985364,0.001980,0.003408,0.000000,0.000023,0.000182,0.008011,0.000668
0.000358,0.853361,0.119777,0.021794,0.000000,0.001138,0.001543,0.000914,0.001116
0.000726,0.793113,0.195890,0.000732,0.000126,0.001397,0.003081,0.003193,0.001742
0.008253,0.837571,0.026274,0.002387,0.078860,0.021912,0.014046,0.000913,0.009783
0.000042,0.837761,0.159078,0.001391,0.000083,0.000173,0.000359,0.000945,0.000168
0.000040,0.812687,0.182476,0.003518,0.000000,0.000164,0.000338,0.000697,0.000080
0.000104,0.869545,0.107671,0.016714,0.000030,0.000023,0.005673,0.000152,0.000088
0.040662,0.556636,0.008140,0.015246,0.000160,0.022166,0.014686,0.007447,0.334857
0.000358,0.893098,0.092973,0.010263,0.000029,0.000462,0.001313,0.000907,0.000597
0.000041,0.999465,0.000041,0.000097,0.000000,0.000022,0.000094,0.000151,0.000088
0.000292,0.900717,0.057672,0.037057,0.000000,0.000023,0.000285,0.000743,0.003209
0.001543,0.564997,0.339512,0.079733,0.000000,0.000624,0.003560,0.001037,0.008992
0.000453,0.802146,0.137593,0.044476,0.000128,0.001038,0.013547,0.000339,0.000279
0.000173,0.821513,0.152250,0.019456,0.000000,0.000555,0.003014,0.000540,0.002499
0.002164,0.259418,0.673739,0.030837,0.000058,0.001635,0.028298,0.000844,0.003006
0.000564,0.076991,0.898994,0.017529,0.000000,0.000025,0.004567,0.001137,0.000193
0.000041,0.829894,0.152967,0.016482,0.000000,0.000021,0.000358,0.000149,0.000088
0.000847,0.459441,0.460695,0.063914,0.000130,0.001904,0.005946,0.006066,0.001057
0.000041,0.831093,0.159776,0.008657,0.000000,0.000021,0.000173,0.000149,0.000088
0.000289,0.844212,0.104444,0.046943,0.000000,0.001138,0.000515,0.000975,0.001484
0.000038,0.184705,0.814240,0.000092,0.000000,0.000024,0.000664,0.000149,0.000087
0.000893,0.352598,0.354983,0.009957,0.000078,0.000913,0.279785,0.000359,0.000432
0.000042,0.961345,0.028342,0.007630,0.000000,0.000023,0.001337,0.001018,0.000263
0.000365,0.912709,0.074945,0.011422,0.000000,0.000023,0.000291,0.000155,0.000091
0.000041,0.714210,0.223373,0.061325,0.000000,0.000021,0.000706,0.000151,0.000171
0.000488,0.573255,0.423012,0.000196,0.000158,0.000022,0.001449,0.000869,0.000551
0.000041,0.973694,0.006618,0.018866,0.000000,0.000023,0.000293,0.000373,0.000092
0.000042,0.989895,0.008270,0.001109,0.000000,0.000022,0.000422,0.000152,0.000088
0.000042,0.975955,0.022654,0.000855,0.000030,0.000023,0.000201,0.000152,0.000088
0.000228,0.987065,0.002238,0.009811,0.000086,0.000022,0.000285,0.000176,0.000088
0.001636,0.703660,0.215908,0.017431,0.000191,0.000987,0.000413,0.001138,0.058637
0.000489,0.744995,0.237090,0.011592,0.000000,0.002181,0.001826,0.000524,0.001304
0.000040,0.803640,0.194734,0.000195,0.000000,0.000167,0.000274,0.000864,0.000085
0.000042,0.916055,0.076537,0.003284,0.000000,0.000833,0.000365,0.000913,0.001971
0.000042,0.992889,0.006443,0.000097,0.000000,0.000022,0.000094,0.000324,0.000088
0.000043,0.892000,0.100676,0.006932,0.000000,0.000022,0.000092,0.000150,0.000086
0.000232,0.912297,0.009424,0.076222,0.000000,0.000177,0.000262,0.000177,0.001208
0.000043,0.585482,0.180873,0.225577,0.000000,0.001837,0.002674,0.000944,0.002569
0.001846,0.540228,0.398712,0.050729,0.000000,0.000022,0.008223,0.000150,0.000089
0.000042,0.990260,0.000804,0.005758,0.000000,0.000297,0.002335,0.000176,0.000329
0.000037,0.546476,0.450332,0.002838,0.000000,0.000021,0.000083,0.000136,0.000078
0.000042,0.995173,0.000527,0.003796,0.000000,0.000022,0.000176,0.000175,0.000088
0.000282,0.741186,0.238993,0.015446,0.000000,0.000834,0.000355,0.000987,0.001916
0.000230,0.720369,0.201658,0.077084,0.000057,0.000172,0.000096,0.000153,0.000182
0.000039,0.366910,0.581472,0.044082,0.000055,0.000023,0.007181,0.000149,0.000089
0.000100,0.856645,0.132246,0.008085,0.000000,0.000021,0.002371,0.000363,0.000169
0.003410,0.485663,0.426566,0.007724,0.000183,0.008120,0.059029,0.005673,0.003632
0.001804,0.638354,0.085370,0.019954,0.239754,0.001835,0.004281,0.004765,0.003884
0.009455,0.572638,0.155944,0.011791,0.000114,0.006628,0.005109,0.022086,0.216235
0.000813,0.602434,0.346521,0.013678,0.000415,0.005375,0.027496,0.001117,0.002151
0.002754,0.611928,0.349008,0.009348,0.000000,0.001419,0.019955,0.000996,0.004591
0.000039,0.586205,0.358890,0.054541,0.000000,0.000021,0.000086,0.000138,0.000081
0.000041,0.998795,0.000278,0.000393,0.000030,0.000022,0.000177,0.000175,0.000088
0.004882,0.833315,0.140877,0.016151,0.000000,0.001374,0.002529,0.000337,0.000535
0.000043,0.935834,0.013967,0.049798,0.000000,0.000022,0.000094,0.000153,0.000088
0.000539,0.884119,0.075891,0.035292,0.000054,0.000180,0.003129,0.000532,0.000262
0.010243,0.408599,0.038755,0.141102,0.009739,0.063573,0.319473,0.004814,0.003702
0.000043,0.907100,0.073918,0.018381,0.000000,0.000023,0.000290,0.000155,0.000090
0.000534,0.683539,0.168510,0.126317,0.000092,0.010000,0.002912,0.003288,0.004809
0.000041,0.984225,0.006455,0.008843,0.000000,0.000022,0.000175,0.000151,0.000088
0.014665,0.666077,0.045775,0.024070,0.028141,0.009740,0.170979,0.036181,0.004371
0.021324,0.245224,0.047693,0.370447,0.000238,0.101553,0.085734,0.011055,0.116732
0.000041,0.783244,0.149595,0.066546,0.000000,0.000022,0.000298,0.000157,0.000096
0.001420,0.930352,0.063788,0.001867,0.000000,0.000965,0.000374,0.000975,0.000260
0.008227,0.824367,0.123935,0.017566,0.000000,0.003248,0.019063,0.001110,0.002483
0.000187,0.633229,0.284568,0.052952,0.000000,0.000611,0.023751,0.001233,0.003469
0.000280,0.831146,0.150501,0.012940,0.000083,0.001119,0.001840,0.000894,0.001198
0.000229,0.966746,0.019154,0.011702,0.000000,0.001511,0.000203,0.000367,0.000089
0.000040,0.818205,0.158925,0.021485,0.000031,0.000023,0.000979,0.000147,0.000165
0.001426,0.923866,0.044689,0.021818,0.000136,0.001182,0.003157,0.001023,0.002704
0.000042,0.792803,0.162844,0.043737,0.000000,0.000023,0.000300,0.000157,0.000096
0.000042,0.993113,0.004139,0.002350,0.000000,0.000022,0.000094,0.000152,0.000089
0.000280,0.597754,0.394167,0.000416,0.000107,0.000925,0.002900,0.003042,0.000408
0.021765,0.592264,0.082656,0.181889,0.000227,0.077515,0.023633,0.009220,0.010830
0.000358,0.995114,0.002209,0.001380,0.000000,0.000306,0.000285,0.000177,0.000171
0.000287,0.884412,0.068372,0.046012,0.000029,0.000022,0.000602,0.000175,0.000088
0.000480,0.747471,0.191849,0.047842,0.000119,0.000354,0.000571,0.000886,0.010429
0.001499,0.613894,0.351092,0.026412,0.000000,0.000939,0.005586,0.000154,0.000424
0.000560,0.742721,0.243942,0.005812,0.000000,0.001014,0.000299,0.002238,0.003413
0.000040,0.718213,0.184947,0.095693,0.000000,0.000022,0.000834,0.000155,0.000093
0.000224,0.802416,0.159432,0.034762,0.000000,0.001384,0.001158,0.000360,0.000263
0.000521,0.727291,0.251013,0.002107,0.016950,0.000460,0.000437,0.000715,0.000507
0.000291,0.968819,0.009574,0.020553,0.000000,0.000023,0.000286,0.000366,0.000089
0.001629,0.937096,0.014575,0.001000,0.042522,0.000776,0.001083,0.000783,0.000536
0.000724,0.799769,0.185772,0.007818,0.000000,0.001625,0.000761,0.001742,0.001789
0.000495,0.903885,0.077987,0.014039,0.000380,0.001163,0.000521,0.000924,0.000607
0.000790,0.819756,0.141859,0.009626,0.000032,0.000486,0.025681,0.001018,0.000752
0.009056,0.031533,0.108197,0.009541,0.000031,0.001269,0.837240,0.000853,0.002280
0.000673,0.746971,0.200149,0.041118,0.000032,0.003223,0.005714,0.000950,0.001171
0.000043,0.380803,0.389154,0.218850,0.000000,0.000171,0.010581,0.000311,0.000088
0.001829,0.762346,0.116330,0.081037,0.000142,0.013267,0.014499,0.005484,0.005067
0.000334,0.374284,0.593330,0.021486,0.000000,0.000168,0.010150,0.000165,0.000083
0.000494,0.970041,0.014635,0.011474,0.000382,0.000463,0.000290,0.000603,0.001617
0.000209,0.387122,0.610122,0.000610,0.000000,0.000022,0.000464,0.001370,0.000081
0.000353,0.893174,0.096192,0.007057,0.000085,0.000974,0.000725,0.000967,0.000472
0.000041,0.774668,0.196220,0.024843,0.000030,0.000022,0.003572,0.000342,0.000261
0.000229,0.981924,0.009762,0.007298,0.000000,0.000177,0.000368,0.000153,0.000089
0.000042,0.993610,0.004807,0.001184,0.000000,0.000022,0.000094,0.000152,0.000089
0.005088,0.859139,0.084531,0.001332,0.000144,0.029219,0.011007,0.007755,0.001784
0.000226,0.798524,0.186529,0.013876,0.000000,0.000022,0.000586,0.000149,0.000088
0.000383,0.554663,0.263473,0.180548,0.000000,0.000022,0.000689,0.000143,0.000079
