0,1,2,3,4,5,6,7,8
0.141323,0.000505,0.000432,0.000903,0.000000,0.004013,0.021390,0.826973,0.004461
0.077676,0.063719,0.051852,0.039596,0.000417,0.327200,0.411925,0.014421,0.013193
0.772570,0.000599,0.001233,0.001460,0.000189,0.074835,0.022401,0.044256,0.082458
0.576757,0.000119,0.000231,0.000806,0.000305,0.243438,0.012720,0.064231,0.101392
0.211170,0.000000,0.000124,0.000294,0.000000,0.000699,0.000475,0.000804,0.786434
0.567787,0.031454,0.016973,0.023344,0.000000,0.156218,0.025075,0.034963,0.144186
0.670248,0.000000,0.000000,0.000222,0.000000,0.004874,0.037008,0.278378,0.009270
0.061319,0.001539,0.000126,0.000580,0.055089,0.032471,0.785520,0.059292,0.004064
0.009537,0.000096,0.000220,0.000668,0.000000,0.002440,0.248536,0.737201,0.001300
0.000000,0.000000,0.000000,0.000256,0.000000,0.999508,0.000000,0.000217,0.000019
0.688606,0.000099,0.000424,0.000612,0.000000,0.028604,0.042576,0.017012,0.222068
0.076468,0.008914,0.011865,0.026108,0.003212,0.474585,0.069112,0.072709,0.257027
0.895107,0.000000,0.000267,0.000247,0.000000,0.009115,0.006826,0.044453,0.043983
0.636350,0.000087,0.000154,0.000311,0.000210,0.006263,0.010747,0.335431,0.010446
0.859886,0.000104,0.000113,0.000416,0.000000,0.004235,0.001686,0.003212,0.130348
0.468821,0.000090,0.000625,0.000599,0.000000,0.004791,0.005473,0.012324,0.507277
0.029673,0.381865,0.282004,0.031684,0.015899,0.014706,0.046008,0.024976,0.173185
0.749257,0.000107,0.000166,0.000426,0.000000,0.026580,0.015394,0.013078,0.194991
0.375194,0.000000,0.000000,0.000186,0.000000,0.004338,0.038928,0.577329,0.004025
0.132479,0.002970,0.008405,0.003252,0.000078,0.016304,0.062897,0.003359,0.770257
0.012079,0.000000,0.000000,0.000564,0.000000,0.977533,0.002509,0.001156,0.006160
0.610428,0.100005,0.053680,0.004483,0.000093,0.013049,0.044698,0.169667,0.003898
0.311734,0.000089,0.000040,0.001459,0.000282,0.382561,0.005420,0.281074,0.017342
0.775566,0.000113,0.000162,0.000301,0.000000,0.032860,0.012919,0.072812,0.105268
0.218321,0.006493,0.005628,0.002540,0.000505,0.314270,0.023397,0.041023,0.387823
0.282519,0.270185,0.094185,0.063223,0.000000,0.037372,0.213594,0.014860,0.024062
0.924381,0.000108,0.000840,0.001108,0.000000,0.003417,0.056718,0.007547,0.005882
0.113550,0.202645,0.140894,0.030468,0.000154,0.193585,0.051627,0.074766,0.192311
0.720882,0.000829,0.000423,0.001941,0.000187,0.079586,0.015990,0.020649,0.159512
0.111836,0.000109,0.000000,0.002255,0.008731,0.003933,0.113455,0.749703,0.009979
0.071939,0.704253,0.040703,0.009772,0.003362,0.011193,0.055927,0.086200,0.016652
0.454430,0.000000,0.000197,0.000280,0.000000,0.001786,0.006353,0.001381,0.535574
0.657784,0.000095,0.000782,0.000401,0.000000,0.014687,0.022369,0.219037,0.084845
0.008083,0.000000,0.000000,0.001264,0.000000,0.980965,0.008499,0.000268,0.000921
0.046013,0.001992,0.003834,0.001859,0.000000,0.005045,0.004033,0.008591,0.928633
0.184959,0.000875,0.000122,0.001367,0.032990,0.019547,0.023997,0.014184,0.721958
0.243243,0.003123,0.001810,0.000919,0.000000,0.011946,0.024702,0.587287,0.126969
0.770159,0.000000,0.000258,0.000354,0.000000,0.012094,0.035497,0.170507,0.011131
0.509825,0.000943,0.005457,0.001090,0.000000,0.005061,0.251469,0.224940,0.001216
0.445455,0.130689,0.124396,0.035292,0.000176,0.110254,0.049844,0.094298,0.009596
0.562055,0.000849,0.001278,0.000782,0.000193,0.163869,0.034496,0.059261,0.177218
0.249735,0.001279,0.000459,0.004424,0.000214,0.154848,0.016974,0.026168,0.545899
0.652464,0.000000,0.000000,0.000202,0.000000,0.000183,0.000182,0.346431,0.000537
0.525324,0.038643,0.030629,0.005023,0.000402,0.021520,0.062891,0.306100,0.009468
0.316968,0.000530,0.001059,0.005596,0.001974,0.499931,0.043224,0.034130,0.096588
0.588116,0.000000,0.000000,0.000295,0.000076,0.001864,0.001757,0.010787,0.397104
0.955244,0.000308,0.000000,0.000583,0.000000,0.015565,0.006778,0.014084,0.007438
0.737454,0.000443,0.000170,0.000496,0.000086,0.015998,0.143020,0.054735,0.047597
0.304396,0.003932,0.000987,0.004377,0.000366,0.514864,0.096713,0.059701,0.014665
0.870542,0.000000,0.000035,0.000377,0.000000,0.002136,0.011848,0.109577,0.005485
0.261349,0.259358,0.194728,0.096219,0.000696,0.090623,0.051241,0.029880,0.015907
0.579499,0.000000,0.000000,0.000209,0.000000,0.001488,0.000582,0.253286,0.164937
0.406248,0.385406,0.024517,0.030848,0.016213,0.026478,0.024896,0.062406,0.022988
0.873707,0.000000,0.000666,0.000517,0.000000,0.007229,0.016481,0.006353,0.095048
0.114714,0.004269,0.004132,0.001127,0.017496,0.011848,0.007493,0.028807,0.810114
0.309645,0.000113,0.001377,0.003029,0.000000,0.413539,0.087600,0.156899,0.027797
0.757141,0.000000,0.000156,0.000260,0.000000,0.002160,0.002489,0.008708,0.229087
0.515797,0.002563,0.007369,0.009061,0.000000,0.241989,0.077045,0.122653,0.023524
0.455250,0.000313,0.001784,0.001687,0.000000,0.031980,0.005696,0.004005,0.499285
0.060010,0.085543,0.021433,0.007771,0.002613,0.097015,0.015675,0.286771,0.423168
0.370121,0.040626,0.000767,0.003764,0.017790,0.076995,0.043940,0.051930,0.394067
0.448081,0.000000,0.000000,0.000229,0.000000,0.001099,0.000299,0.000624,0.549668
0.729298,0.054256,0.005787,0.001246,0.043269,0.080855,0.039396,0.025415,0.020479
0.656842,0.002167,0.011661,0.001297,0.000000,0.013351,0.060815,0.201197,0.052669
0.012377,0.000116,0.000000,0.000872,0.000246,0.016606,0.050370,0.908585,0.010828
0.092097,0.000107,0.000000,0.000344,0.000000,0.004741,0.005394,0.411504,0.485812
0.316918,0.336310,0.102948,0.010029,0.000370,0.029733,0.082681,0.017209,0.103803
0.000189,0.894340,0.057033,0.037549,0.000127,0.000754,0.007784,0.000461,0.001763
0.846704,0.000000,0.000047,0.000467,0.000000,0.015440,0.012046,0.056667,0.068629
0.017241,0.290500,0.217393,0.008624,0.000218,0.018359,0.420211,0.011669,0.015785
0.878450,0.020690,0.005188,0.002267,0.000506,0.021130,0.005896,0.025055,0.040819
0.718675,0.001156,0.004768,0.000761,0.000000,0.006623,0.033892,0.228600,0.005524
0.323732,0.016628,0.000274,0.000862,0.000108,0.255130,0.107639,0.291616,0.004011
0.492200,0.113504,0.001173,0.001096,0.000454,0.014074,0.010753,0.001542,0.365204
0.379310,0.000000,0.000000,0.000177,0.000000,0.001448,0.000449,0.000407,0.618209
0.598146,0.000100,0.000254,0.000250,0.000000,0.013736,0.019487,0.029974,0.338052
0.524415,0.000389,0.000514,0.004805,0.000200,0.058554,0.049649,0.349467,0.012006
0.633504,0.002905,0.008796,0.002400,0.000000,0.078953,0.020499,0.221475,0.031468
0.421872,0.002856,0.001459,0.002864,0.000330,0.031651,0.016997,0.500362,0.021609
0.322288,0.012678,0.003267,0.000806,0.000403,0.003470,0.011988,0.004315,0.640785
0.363086,0.047210,0.045500,0.002528,0.015268,0.019462,0.029773,0.401201,0.075972
0.038856,0.008300,0.004814,0.002646,0.000000,0.002736,0.004353,0.002336,0.935960
0.117042,0.097025,0.024714,0.008797,0.000609,0.016538,0.018025,0.679757,0.037494
0.426017,0.000103,0.000296,0.001677,0.000000,0.414186,0.032800,0.106497,0.018423
0.446014,0.000088,0.001053,0.000299,0.000000,0.005929,0.051798,0.490868,0.003951
0.146780,0.000852,0.003619,0.001228,0.000000,0.008394,0.091679,0.742722,0.004726
0.765591,0.000000,0.000671,0.000388,0.000000,0.014164,0.010889,0.059418,0.148880
0.860164,0.000000,0.000266,0.000251,0.000000,0.012352,0.010623,0.106533,0.009810
0.641005,0.001107,0.011806,0.000769,0.000000,0.008136,0.005303,0.027625,0.304250
0.189526,0.000000,0.000000,0.000221,0.000000,0.001485,0.000116,0.000816,0.807836
0.544705,0.000755,0.002307,0.000600,0.000000,0.016238,0.061409,0.360500,0.013487
0.630310,0.018609,0.012798,0.010309,0.000401,0.042020,0.139658,0.036420,0.109473
0.200995,0.004150,0.007269,0.003070,0.000000,0.008407,0.002327,0.003565,0.770218
0.243273,0.000000,0.000034,0.000305,0.000000,0.002847,0.000992,0.051099,0.701451
0.873027,0.015865,0.005595,0.002045,0.000497,0.014525,0.022708,0.021372,0.044365
0.340783,0.002771,0.002420,0.007833,0.000000,0.365450,0.082301,0.144440,0.054001
0.300467,0.000099,0.000142,0.001904,0.002437,0.224317,0.006889,0.022266,0.441480
0.217358,0.000092,0.000382,0.000333,0.000000,0.002122,0.001948,0.003834,0.773930
0.277357,0.072960,0.053904,0.010027,0.000161,0.052954,0.072776,0.224395,0.235467
0.323560,0.024376,0.003820,0.000872,0.000423,0.010703,0.020962,0.002871,0.612412
0.783557,0.000000,0.000292,0.000579,0.000000,0.027011,0.070219,0.114465,0.003877
0.454073,0.000092,0.000000,0.000611,0.000394,0.055888,0.002466,0.011443,0.475033
0.651394,0.000089,0.000000,0.000597,0.000000,0.270184,0.066159,0.005977,0.005599
0.310326,0.132928,0.204343,0.070101,0.000516,0.033509,0.126660,0.101552,0.020063
0.380673,0.000000,0.000000,0.000228,0.000000,0.000833,0.000000,0.000146,0.618120
0.375160,0.017187,0.017750,0.004854,0.000145,0.123396,0.397229,0.014270,0.050011
0.142975,0.000108,0.000329,0.004235,0.000000,0.791774,0.004863,0.004736,0.050980
0.037733,0.000000,0.000235,0.000570,0.000106,0.002517,0.002133,0.777366,0.179341
0.899595,0.000000,0.000123,0.000385,0.000000,0.009344,0.004089,0.034744,0.051720
0.168004,0.000000,0.000000,0.000278,0.000000,0.001435,0.000000,0.001159,0.829124
0.443376,0.002551,0.009294,0.001755,0.000000,0.028001,0.104259,0.252002,0.158764
0.007258,0.553434,0.399610,0.035466,0.000000,0.000151,0.003839,0.000223,0.000019
0.361490,0.081236,0.049069,0.006005,0.000000,0.041824,0.092086,0.017468,0.350822
0.082539,0.054042,0.014319,0.004801,0.005940,0.013852,0.008974,0.036390,0.779144
0.610078,0.011579,0.015294,0.006939,0.012066,0.192309,0.058770,0.018764,0.074201
0.066753,0.000000,0.000000,0.000696,0.000000,0.020786,0.033811,0.412953,0.465001
0.529950,0.013218,0.001419,0.001148,0.027205,0.002319,0.315072,0.109497,0.000172
0.065240,0.000000,0.000000,0.000249,0.000000,0.002074,0.000000,0.000900,0.931536
0.846893,0.050154,0.007716,0.002151,0.000000,0.005188,0.027580,0.001286,0.059033
0.749889,0.000135,0.000295,0.001797,0.000000,0.029035,0.011204,0.092304,0.115341
0.805868,0.000817,0.000170,0.000384,0.000252,0.012132,0.031250,0.039178,0.109948
0.922728,0.000000,0.000535,0.000720,0.000000,0.027393,0.045195,0.002535,0.000894
0.782326,0.000110,0.000363,0.000428,0.000000,0.007711,0.010999,0.002549,0.195513
0.672919,0.000362,0.000606,0.002161,0.000000,0.280989,0.020786,0.015425,0.006754
0.419519,0.026227,0.026897,0.001506,0.000280,0.019478,0.040370,0.022826,0.442896
0.640236,0.000000,0.000443,0.000331,0.000000,0.024919,0.011358,0.260378,0.062334
0.190668,0.001499,0.001807,0.002502,0.000183,0.006723,0.004511,0.013571,0.778535
0.784312,0.000000,0.000295,0.001297,0.000000,0.064702,0.021067,0.089906,0.038422
0.397921,0.005212,0.001568,0.000912,0.000000,0.112170,0.152951,0.005663,0.323603
0.054791,0.000000,0.000000,0.000254,0.000000,0.001670,0.000121,0.000218,0.942946
0.383176,0.000000,0.000030,0.000325,0.000000,0.004052,0.001877,0.003512,0.607028
0.682548,0.000092,0.000278,0.000495,0.000165,0.005432,0.020779,0.286190,0.004021
0.905112,0.000000,0.000147,0.000391,0.000000,0.023478,0.008251,0.026672,0.035950
0.166405,0.000000,0.000000,0.000316,0.000000,0.004266,0.010620,0.733886,0.084506
0.946114,0.001085,0.000122,0.000698,0.000083,0.007309,0.004568,0.018366,0.021655
0.622349,0.005354,0.005958,0.004432,0.000000,0.062826,0.070053,0.174427,0.054602
0.016513,0.000122,0.000000,0.000742,0.000000,0.001203,0.000345,0.001672,0.979404
0.936546,0.000000,0.000000,0.000281,0.000000,0.042976,0.004661,0.006971,0.008564
0.319152,0.001404,0.004571,0.001822,0.000000,0.011959,0.031980,0.016392,0.612721
0.090616,0.000762,0.001141,0.003479,0.000000,0.128356,0.003767,0.003893,0.767985
0.337700,0.002496,0.000923,0.001318,0.000306,0.329455,0.053635,0.238429,0.035737
0.511173,0.000090,0.000657,0.000402,0.000000,0.004418,0.002393,0.013027,0.467840
0.676211,0.000000,0.000268,0.000324,0.000000,0.003899,0.024091,0.293324,0.001884
0.990591,0.000000,0.000000,0.000353,0.000000,0.003686,0.000855,0.002067,0.002448
0.099696,0.006353,0.011136,0.012778,0.094227,0.365628,0.150362,0.157005,0.102815
0.216267,0.001523,0.000576,0.001095,0.016629,0.015138,0.088910,0.612107,0.047755
0.974903,0.000000,0.000147,0.000496,0.000000,0.003700,0.002669,0.003804,0.014281
0.673085,0.000000,0.000266,0.000999,0.000000,0.014217,0.003454,0.008778,0.299201
0.225692,0.008067,0.006022,0.033469,0.101159,0.312027,0.245438,0.049336,0.018789
0.451495,0.000094,0.000619,0.000792,0.000000,0.492815,0.023313,0.029055,0.001818
0.504071,0.001803,0.003316,0.001519,0.000000,0.016370,0.062430,0.397342,0.013149
0.526888,0.003858,0.007961,0.002722,0.000349,0.093409,0.128768,0.227685,0.008361
0.564785,0.000114,0.001301,0.000257,0.000074,0.011095,0.020389,0.352004,0.049981
0.006246,0.544161,0.391361,0.050044,0.000000,0.001307,0.006116,0.000745,0.000020
0.273069,0.000103,0.000794,0.001741,0.000000,0.132110,0.011312,0.051271,0.529600
0.546857,0.004980,0.007590,0.004259,0.000409,0.144473,0.048762,0.162789,0.079882
0.300852,0.002501,0.006395,0.003694,0.000000,0.119562,0.339294,0.022028,0.205674
0.042465,0.001656,0.003445,0.003153,0.000000,0.007171,0.006647,0.001535,0.933929
0.340106,0.000108,0.000338,0.001563,0.014058,0.324522,0.031147,0.158386,0.129774
0.156294,0.009663,0.025329,0.004111,0.000112,0.089644,0.203481,0.501471,0.009894
0.721428,0.000105,0.000677,0.002126,0.000000,0.165287,0.033164,0.039822,0.037392
0.014501,0.673161,0.171379,0.119445,0.000111,0.006650,0.006319,0.002343,0.006091
0.441082,0.002703,0.001079,0.006129,0.002122,0.457380,0.023135,0.042746,0.023622
0.784600,0.000092,0.000172,0.000314,0.000000,0.005814,0.001886,0.013394,0.193728
0.792258,0.004470,0.006201,0.004525,0.000000,0.052049,0.026572,0.044041,0.069884
0.027209,0.000412,0.000942,0.004730,0.000000,0.079284,0.004352,0.001293,0.881778
0.671937,0.000091,0.000121,0.000327,0.000207,0.005168,0.015442,0.290600,0.016108
0.028193,0.000117,0.000178,0.000259,0.000000,0.000274,0.000123,0.000576,0.970280
0.791190,0.000118,0.000525,0.000461,0.000000,0.007812,0.009033,0.041301,0.149560
0.157749,0.000000,0.000000,0.000464,0.000095,0.000215,0.006062,0.834104,0.001310
0.004058,0.324484,0.532462,0.127824,0.000000,0.001764,0.007676,0.000977,0.000754
0.418272,0.000099,0.002577,0.000304,0.000164,0.009806,0.388112,0.177132,0.003534
0.628686,0.000090,0.000111,0.000193,0.000000,0.006733,0.002599,0.015592,0.345997
0.239176,0.000000,0.000000,0.000212,0.000000,0.017057,0.000586,0.741279,0.001690
0.406719,0.000340,0.002357,0.000851,0.000000,0.018373,0.368732,0.191890,0.010738
0.369277,0.015776,0.005940,0.002468,0.000582,0.069656,0.068964,0.083144,0.384194
0.584939,0.002764,0.003416,0.000781,0.000000,0.002718,0.016354,0.376907,0.012121
0.594824,0.000100,0.000386,0.000328,0.000000,0.044381,0.017718,0.016443,0.325820
0.470702,0.000095,0.000971,0.000316,0.000062,0.014595,0.005464,0.033944,0.473851
0.272139,0.005288,0.012454,0.013350,0.000243,0.378527,0.118170,0.155031,0.044799
0.968108,0.000109,0.000128,0.000613,0.000000,0.006183,0.008395,0.002416,0.014048
0.087611,0.206305,0.064852,0.006110,0.000282,0.090627,0.048859,0.476020,0.019333
0.009961,0.881302,0.052019,0.006705,0.000431,0.003603,0.035312,0.004680,0.005988
0.005304,0.362863,0.529455,0.090363,0.000000,0.001766,0.008400,0.001048,0.000800
0.002329,0.721559,0.256503,0.003365,0.000000,0.005620,0.004447,0.001407,0.004769
0.000500,0.924199,0.067143,0.006356,0.000087,0.000799,0.000243,0.000471,0.000202
0.000047,0.844435,0.042154,0.112724,0.000089,0.000141,0.000000,0.000218,0.000193
0.000000,0.995956,0.000471,0.003232,0.000000,0.000103,0.000000,0.000219,0.000019
0.008480,0.430683,0.442816,0.098316,0.000227,0.001880,0.012387,0.001477,0.003733
0.002040,0.860275,0.092017,0.039681,0.000000,0.001328,0.002782,0.000858,0.001020
0.001621,0.855053,0.097244,0.040690,0.000120,0.001736,0.001864,0.000724,0.000948
0.000000,0.999040,0.000132,0.000488,0.000000,0.000103,0.000000,0.000218,0.000019
0.000763,0.988007,0.006037,0.001406,0.000120,0.001195,0.001351,0.000611,0.000510
0.001087,0.381188,0.576159,0.031342,0.000120,0.001847,0.005382,0.001460,0.001415
0.000047,0.981944,0.016501,0.000944,0.000000,0.000103,0.000225,0.000218,0.000019
0.000000,0.998510,0.000734,0.000416,0.000000,0.000104,0.000000,0.000218,0.000019
0.000418,0.349356,0.577133,0.068118,0.000000,0.000135,0.004603,0.000218,0.000019
0.003158,0.610617,0.293681,0.065230,0.000000,0.007272,0.010328,0.005157,0.004557
0.000768,0.404153,0.051588,0.482332,0.000258,0.051301,0.003040,0.001736,0.004824
0.000188,0.422782,0.460149,0.100729,0.000000,0.000132,0.015780,0.000220,0.000020
0.000000,0.968032,0.030709,0.000255,0.000000,0.000103,0.000000,0.000882,0.000019
0.005138,0.882616,0.080322,0.006284,0.000403,0.003404,0.014649,0.001533,0.005650
0.006685,0.063887,0.229917,0.082377,0.000000,0.007652,0.599442,0.007445,0.002594
0.000048,0.991267,0.005703,0.001388,0.000000,0.000105,0.001249,0.000221,0.000019
0.000187,0.767224,0.058121,0.165764,0.000000,0.007468,0.000449,0.000590,0.000197
0.000189,0.894842,0.098861,0.005057,0.000000,0.000138,0.000671,0.000222,0.000020
0.001503,0.870168,0.101080,0.014765,0.000250,0.004839,0.004697,0.000865,0.001834
0.000000,0.998361,0.000000,0.001301,0.000000,0.000103,0.000000,0.000217,0.000019
0.000174,0.482154,0.411713,0.104325,0.000000,0.000263,0.001141,0.000212,0.000019
0.001627,0.706892,0.257646,0.022016,0.000000,0.001777,0.004521,0.002206,0.003315
0.000759,0.924014,0.058288,0.014782,0.000000,0.000261,0.001260,0.000275,0.000361
0.000121,0.679134,0.317114,0.003212,0.000000,0.000093,0.000111,0.000198,0.000017
0.053851,0.616907,0.014864,0.002556,0.000643,0.153756,0.127820,0.015569,0.014033
0.010270,0.871971,0.042160,0.020411,0.015083,0.002779,0.007935,0.003269,0.026123
0.000194,0.531363,0.443902,0.005865,0.012054,0.001333,0.004332,0.000817,0.000139
0.012794,0.522105,0.342024,0.000370,0.005893,0.002970,0.069773,0.003480,0.040592
0.000796,0.661782,0.277243,0.055502,0.000000,0.000263,0.004184,0.000212,0.000018
0.000000,0.616915,0.345421,0.037137,0.000000,0.000092,0.000220,0.000197,0.000017
0.000123,0.709575,0.273415,0.016074,0.000000,0.000173,0.000414,0.000208,0.000018
0.000000,0.793265,0.032182,0.174084,0.000000,0.000107,0.000123,0.000221,0.000019
0.000046,0.710616,0.233552,0.052950,0.000000,0.000176,0.002122,0.000403,0.000134
0.000000,0.439705,0.519808,0.040172,0.000000,0.000094,0.000000,0.000203,0.000018
0.000000,0.584193,0.311768,0.028532,0.000000,0.000102,0.075174,0.000213,0.000018
0.000464,0.610373,0.353701,0.030405,0.000000,0.001253,0.002266,0.000823,0.000715
0.000045,0.786099,0.193350,0.016638,0.000000,0.000765,0.002820,0.000264,0.000019
0.000715,0.809399,0.174182,0.006079,0.000000,0.000710,0.004962,0.000484,0.003469
0.000000,0.751683,0.240890,0.006948,0.000000,0.000130,0.000123,0.000208,0.000019
0.000046,0.806210,0.193036,0.000343,0.000000,0.000138,0.000000,0.000208,0.000018
0.000000,0.998741,0.000318,0.000601,0.000000,0.000103,0.000000,0.000218,0.000019
0.000135,0.903602,0.056439,0.036706,0.000405,0.000143,0.002278,0.000273,0.000019
0.000049,0.831703,0.145315,0.020352,0.000490,0.000146,0.001333,0.000471,0.000141
0.000527,0.991989,0.002856,0.003021,0.000000,0.000772,0.000124,0.000693,0.000019
0.000000,0.990043,0.006968,0.002651,0.000000,0.000102,0.000000,0.000217,0.000019
0.000000,0.670862,0.322846,0.002876,0.000000,0.000100,0.003096,0.000204,0.000017
0.021112,0.779057,0.053392,0.002027,0.001832,0.008412,0.046212,0.013217,0.074738
0.000000,0.603963,0.365827,0.029037,0.000000,0.000096,0.000612,0.000394,0.000071
0.000000,0.336664,0.587369,0.075297,0.000000,0.000097,0.000346,0.000209,0.000018
0.000195,0.469821,0.438866,0.080737,0.000211,0.001892,0.004447,0.002409,0.001421
0.000000,0.591825,0.389662,0.012850,0.000000,0.000258,0.004555,0.000718,0.000132
0.000000,0.954469,0.028324,0.016808,0.000000,0.000105,0.000000,0.000275,0.000019
0.001051,0.398999,0.513776,0.072356,0.000000,0.000144,0.013318,0.000218,0.000138
0.000000,0.987443,0.009021,0.001131,0.000000,0.000142,0.001921,0.000323,0.000019
0.000046,0.976446,0.014535,0.008634,0.000000,0.000102,0.000000,0.000218,0.000019
0.000000,0.285608,0.710689,0.003096,0.000000,0.000089,0.000300,0.000200,0.000018
0.000127,0.895796,0.001559,0.100718,0.000000,0.000268,0.000215,0.000393,0.000924
0.001713,0.861951,0.114116,0.009523,0.000000,0.004379,0.003201,0.001104,0.004013
0.007489,0.814680,0.133660,0.003677,0.000000,0.002948,0.026641,0.006805,0.004100
0.000047,0.853451,0.139732,0.005869,0.000000,0.000104,0.000440,0.000218,0.000138
0.000000,0.996473,0.002454,0.000607,0.000000,0.000103,0.000124,0.000219,0.000019
0.000735,0.619019,0.327080,0.034852,0.010762,0.000827,0.002532,0.001226,0.002967
0.000137,0.980759,0.012946,0.004952,0.000000,0.000104,0.000457,0.000450,0.000196
0.000142,0.908845,0.076288,0.013548,0.000000,0.000260,0.000678,0.000221,0.000019
0.000000,0.663890,0.306132,0.026764,0.000000,0.000252,0.002657,0.000289,0.000017
0.000000,0.998938,0.000318,0.000404,0.000000,0.000103,0.000000,0.000218,0.000019
0.000000,0.925355,0.068908,0.005150,0.000000,0.000226,0.000124,0.000218,0.000019
0.000466,0.434253,0.385027,0.000433,0.171697,0.004919,0.001422,0.001646,0.000137
0.009978,0.841093,0.067701,0.026036,0.000622,0.023403,0.004884,0.008981,0.017303
0.000000,0.848502,0.136764,0.013411,0.000000,0.000218,0.000667,0.000419,0.000019
0.000133,0.426159,0.341903,0.219612,0.000000,0.001291,0.009936,0.000891,0.000075
0.000000,0.982987,0.015144,0.001487,0.000000,0.000142,0.000000,0.000220,0.000019
0.000172,0.793384,0.194808,0.010461,0.000000,0.000268,0.000215,0.000674,0.000018
0.000183,0.681973,0.243465,0.071819,0.000114,0.000251,0.000696,0.000388,0.001112
0.000047,0.963134,0.022652,0.011071,0.000000,0.000766,0.000576,0.000658,0.001096
0.062578,0.080778,0.171974,0.002129,0.000373,0.038394,0.112724,0.317431,0.213620
0.000000,0.431621,0.550246,0.005766,0.000000,0.004046,0.001115,0.006483,0.000724
0.023564,0.101948,0.156100,0.019636,0.000000,0.087048,0.403108,0.197307,0.011289
0.003485,0.526509,0.404232,0.028422,0.000536,0.000806,0.032230,0.000886,0.002894
0.001142,0.836132,0.151126,0.002884,0.000365,0.001761,0.003506,0.001277,0.001806
0.001242,0.594071,0.317617,0.014925,0.000000,0.009868,0.041316,0.005184,0.015777
0.005720,0.759366,0.069422,0.071659,0.000150,0.077454,0.008237,0.001785,0.006207
0.000189,0.904977,0.081739,0.010553,0.000000,0.000272,0.001975,0.000275,0.000019
0.003438,0.829191,0.152002,0.005789,0.000506,0.001742,0.003352,0.001081,0.002897
0.000047,0.835870,0.144827,0.017380,0.000085,0.000259,0.000773,0.000462,0.000298
0.000976,0.934135,0.052279,0.010007,0.000000,0.000102,0.002261,0.000220,0.000019
0.000745,0.692179,0.282223,0.013789,0.000117,0.002195,0.006100,0.000918,0.001734
0.000796,0.260264,0.008261,0.148031,0.000000,0.274855,0.303220,0.000523,0.004050
0.003768,0.412474,0.484484,0.066884,0.000000,0.001396,0.017532,0.008745,0.004717
0.014930,0.839267,0.054692,0.047530,0.000246,0.006861,0.004733,0.016150,0.015591
0.000000,0.125178,0.706225,0.161840,0.000000,0.000114,0.006394,0.000229,0.000019
0.000000,0.934924,0.061130,0.000511,0.000000,0.001802,0.000532,0.001083,0.000019
0.000047,0.723467,0.223721,0.051239,0.000000,0.000178,0.000870,0.000459,0.000019
0.000448,0.920134,0.058368,0.018983,0.000000,0.000792,0.001035,0.000221,0.000019
0.008654,0.594882,0.242417,0.030229,0.000143,0.005982,0.103835,0.009465,0.004393
0.000498,0.572316,0.413290,0.012615,0.000000,0.000099,0.000954,0.000210,0.000018
0.000181,0.406987,0.522365,0.052823,0.000412,0.000725,0.016214,0.000274,0.000019
0.000047,0.944063,0.043258,0.011890,0.000201,0.000178,0.000125,0.000219,0.000019
0.000000,0.935874,0.043745,0.019826,0.000000,0.000103,0.000210,0.000222,0.000019
0.000000,0.964271,0.034371,0.000975,0.000000,0.000144,0.000000,0.000220,0.000019
0.000143,0.711934,0.143609,0.143779,0.000000,0.000168,0.000131,0.000217,0.000020
0.000137,0.971303,0.024819,0.002824,0.000000,0.000233,0.000443,0.000221,0.000019
0.000000,0.984352,0.012018,0.002595,0.000000,0.000220,0.000000,0.000796,0.000019
0.000000,0.823848,0.172330,0.001841,0.000000,0.000098,0.000113,0.001752,0.000018
0.000000,0.996616,0.001952,0.000977,0.000114,0.000103,0.000000,0.000219,0.000019
0.000134,0.915004,0.079581,0.004299,0.000000,0.000141,0.000434,0.000215,0.000192
0.002370,0.912431,0.057584,0.021207,0.000000,0.000798,0.000899,0.000225,0.004486
0.000000,0.996449,0.001461,0.001749,0.000000,0.000103,0.000000,0.000218,0.000019
0.000000,0.937220,0.057830,0.002683,0.000085,0.001142,0.000447,0.000458,0.000135
0.008246,0.138629,0.437874,0.287122,0.000000,0.030339,0.083570,0.008961,0.005261
0.006761,0.941814,0.023611,0.008615,0.000118,0.001796,0.001086,0.004197,0.012001
0.001142,0.829879,0.163143,0.001873,0.000000,0.000275,0.001847,0.001040,0.000801
0.008441,0.751612,0.177178,0.006213,0.000454,0.008738,0.022026,0.014540,0.010797
0.000000,0.975457,0.018741,0.005056,0.000240,0.000142,0.000125,0.000220,0.000019
0.000000,0.676651,0.292795,0.029381,0.000000,0.000101,0.000843,0.000212,0.000018
0.000000,0.998582,0.000000,0.000358,0.000000,0.000104,0.000000,0.000937,0.000019
0.000044,0.389975,0.608721,0.000238,0.000219,0.000136,0.000000,0.000651,0.000017
0.000000,0.994165,0.003926,0.001569,0.000000,0.000103,0.000000,0.000218,0.000019
0.000048,0.818217,0.156732,0.014582,0.000000,0.001347,0.008417,0.000514,0.000142
0.001685,0.900396,0.000586,0.000923,0.000000,0.000277,0.000130,0.000890,0.095113
0.000000,0.516851,0.479459,0.000246,0.000000,0.000138,0.002168,0.001121,0.000018
0.000000,0.828855,0.102774,0.059928,0.000000,0.001297,0.000269,0.000716,0.006161
0.000433,0.658892,0.323112,0.000298,0.011060,0.001716,0.003081,0.001390,0.000018
0.000000,0.668707,0.329620,0.000930,0.000000,0.000119,0.000110,0.000497,0.000017
0.000572,0.881702,0.067776,0.045569,0.000117,0.000775,0.002178,0.000477,0.000834
0.000187,0.775131,0.205576,0.012777,0.000000,0.000735,0.004929,0.000646,0.000019
0.001888,0.698741,0.247324,0.046335,0.000000,0.001719,0.002471,0.000268,0.001253
0.002068,0.762601,0.189572,0.021254,0.000000,0.007005,0.012259,0.001595,0.003647
0.000901,0.869689,0.112996,0.005988,0.000214,0.001787,0.003742,0.000989,0.003693
0.000178,0.492906,0.451199,0.054511,0.000000,0.000182,0.000787,0.000218,0.000019
0.000208,0.711470,0.204024,0.000597,0.000000,0.032949,0.049718,0.001012,0.000022
0.000299,0.552711,0.118562,0.016919,0.000000,0.002411,0.303466,0.000987,0.004645
0.000000,0.931689,0.050382,0.017390,0.000000,0.000105,0.000000,0.000416,0.000019
0.000045,0.807389,0.190101,0.002060,0.000000,0.000172,0.000000,0.000214,0.000019
0.000000,0.990956,0.006831,0.001749,0.000000,0.000103,0.000124,0.000218,0.000019
0.000494,0.349509,0.488617,0.148455,0.000268,0.000262,0.011525,0.000734,0.000137
0.000047,0.998278,0.000044,0.000564,0.000000,0.000140,0.000000,0.000218,0.000710
0.000188,0.751807,0.122672,0.121684,0.000500,0.000261,0.001034,0.001075,0.000779
0.000047,0.995955,0.001967,0.001574,0.000115,0.000103,0.000000,0.000219,0.000019
0.000764,0.935584,0.055774,0.006989,0.000000,0.000182,0.000344,0.000224,0.000140
0.000135,0.997953,0.000318,0.001129,0.000000,0.000103,0.000124,0.000218,0.000019
0.000178,0.516482,0.457129,0.019021,0.000000,0.000681,0.005988,0.000503,0.000019
0.000000,0.993814,0.002850,0.002961,0.000000,0.000138,0.000000,0.000218,0.000019
0.000188,0.870916,0.111546,0.011951,0.000000,0.001200,0.003029,0.000563,0.000607
0.000764,0.987276,0.007115,0.001967,0.000362,0.000274,0.001678,0.000424,0.000140
0.000044,0.669134,0.313580,0.015589,0.000000,0.000166,0.000713,0.000757,0.000018
0.000180,0.676913,0.287900,0.025829,0.000000,0.000676,0.000000,0.000579,0.007923
0.000000,0.494834,0.450534,0.051255,0.000210,0.000140,0.002784,0.000223,0.000020
0.000182,0.554914,0.326926,0.115310,0.000000,0.000811,0.000854,0.000805,0.000197
0.000177,0.869834,0.096694,0.031993,0.000000,0.000235,0.000776,0.000272,0.000019
0.001621,0.552809,0.331423,0.002357,0.015554,0.018880,0.064678,0.010906,0.001772
0.000047,0.281998,0.684542,0.000317,0.000389,0.001236,0.000125,0.031328,0.000020
0.000000,0.981124,0.007007,0.011401,0.000000,0.000105,0.000124,0.000220,0.000019
0.000139,0.923209,0.059241,0.013969,0.000000,0.000797,0.001689,0.000936,0.000019
0.003764,0.758610,0.147001,0.066871,0.000000,0.007467,0.010742,0.001632,0.003913
0.000000,0.960031,0.003917,0.033585,0.002126,0.000104,0.000000,0.000218,0.000019
0.004197,0.813191,0.128003,0.041049,0.000262,0.001775,0.002624,0.001570,0.007329
0.000768,0.921655,0.048900,0.014381,0.000000,0.000809,0.009263,0.001294,0.002929
0.000046,0.638385,0.345876,0.015103,0.000000,0.000172,0.000197,0.000204,0.000017
0.004048,0.378182,0.523002,0.048540,0.000541,0.002865,0.039747,0.001690,0.001384
0.000524,0.983856,0.014024,0.000904,0.000000,0.000105,0.000348,0.000220,0.000019
0.022516,0.575537,0.291295,0.033866,0.000000,0.002630,0.038796,0.001093,0.034268
0.000044,0.666918,0.323649,0.006017,0.000000,0.000168,0.002987,0.000201,0.000017
0.000178,0.730197,0.222126,0.040997,0.000116,0.001254,0.004093,0.000904,0.000136
0.000000,0.998687,0.000000,0.000972,0.000000,0.000104,0.000000,0.000218,0.000019
0.006765,0.325183,0.557715,0.050899,0.000571,0.002109,0.044519,0.006787,0.005451
0.000137,0.975421,0.021258,0.001395,0.000000,0.000263,0.000125,0.000578,0.000823
0.000049,0.831764,0.137969,0.025157,0.000000,0.000183,0.004514,0.000224,0.000141
0.000000,0.995251,0.001833,0.002261,0.000000,0.000188,0.000229,0.000219,0.000019
0.000000,0.978410,0.007035,0.013767,0.000000,0.000105,0.000443,0.000221,0.000019
0.000129,0.690755,0.302418,0.002691,0.000000,0.000095,0.003694,0.000201,0.000018
0.008877,0.536231,0.245968,0.036283,0.010485,0.002933,0.002159,0.010423,0.146640
0.000000,0.997386,0.001302,0.000971,0.000000,0.000103,0.000000,0.000219,0.000019
0.000000,0.711401,0.274876,0.008490,0.000000,0.000131,0.004883,0.000201,0.000018
0.000000,0.809497,0.165502,0.024122,0.000000,0.000103,0.000542,0.000215,0.000018
0.002120,0.774615,0.068671,0.129644,0.000097,0.015818,0.005155,0.001540,0.002341
0.001517,0.210808,0.109727,0.666238,0.000000,0.006354,0.003736,0.001046,0.000574
0.000180,0.882153,0.106305,0.010610,0.000000,0.000223,0.000122,0.000269,0.000137
0.000000,0.894516,0.102124,0.000255,0.000000,0.000221,0.002322,0.000543,0.000018
0.000051,0.632156,0.269730,0.092286,0.000000,0.001360,0.000929,0.000495,0.002993
0.000191,0.937852,0.035056,0.017399,0.000000,0.000858,0.003689,0.000480,0.004475
0.000136,0.974100,0.010552,0.009528,0.000000,0.000765,0.004625,0.000276,0.000019
0.000385,0.950418,0.007115,0.000328,0.039504,0.000182,0.000344,0.001387,0.000337
0.000000,0.988855,0.000186,0.010619,0.000000,0.000103,0.000000,0.000217,0.000019
0.000186,0.943337,0.037152,0.018626,0.000000,0.000101,0.000359,0.000219,0.000019
0.000187,0.931383,0.060675,0.005097,0.000000,0.000797,0.000448,0.000707,0.000707
0.000000,0.925418,0.067389,0.006191,0.000000,0.000103,0.000663,0.000217,0.000019
0.010711,0.633099,0.245410,0.015198,0.000126,0.029693,0.028752,0.003754,0.033258
0.000000,0.994542,0.001247,0.003872,0.000000,0.000103,0.000000,0.000218,0.000019
0.042552,0.516046,0.150525,0.031522,0.000299,0.075865,0.059092,0.017972,0.106126
0.000184,0.665938,0.268914,0.047030,0.010549,0.000817,0.005982,0.000448,0.000137
0.009440,0.504947,0.167170,0.176691,0.000000,0.013295,0.053131,0.001835,0.073490
0.000000,0.499527,0.351967,0.148101,0.000000,0.000168,0.000000,0.000217,0.000020
0.000184,0.649562,0.342107,0.001214,0.000318,0.001218,0.002683,0.002530,0.000185
0.000000,0.986575,0.010725,0.002138,0.000000,0.000106,0.000216,0.000221,0.000019
0.000000,0.885410,0.108954,0.005300,0.000000,0.000102,0.000000,0.000216,0.000019
0.000000,0.961778,0.003892,0.033767,0.000000,0.000103,0.000223,0.000219,0.000019
0.000438,0.437301,0.123683,0.423666,0.000000,0.011826,0.002061,0.000888,0.000138
0.001730,0.517011,0.065238,0.014519,0.390523,0.001872,0.003596,0.003407,0.002103
0.000182,0.994968,0.003079,0.001307,0.000000,0.000103,0.000124,0.000218,0.000019
0.004648,0.183098,0.028306,0.727474,0.000197,0.025587,0.024327,0.003730,0.002633
0.000000,0.392516,0.483329,0.123840,0.000000,0.000093,0.000000,0.000203,0.000018
0.000000,0.488934,0.503179,0.000234,0.000000,0.000794,0.000000,0.006841,0.000018
0.000047,0.991675,0.005512,0.002224,0.000115,0.000139,0.000000,0.000271,0.000019
0.005718,0.656268,0.307041,0.014973,0.000000,0.001728,0.009743,0.001307,0.003221
0.002889,0.191544,0.751635,0.037770,0.000540,0.001795,0.011315,0.001450,0.001062
0.000000,0.762985,0.207949,0.025698,0.000000,0.000174,0.002591,0.000584,0.000019
0.000126,0.740548,0.255290,0.000486,0.000000,0.000258,0.001997,0.001278,0.000018
0.000142,0.919921,0.076958,0.000568,0.000000,0.000224,0.000130,0.002038,0.000019
0.000440,0.855984,0.106885,0.033205,0.000000,0.001163,0.002085,0.000219,0.000019
0.000000,0.776172,0.213556,0.009647,0.000000,0.000096,0.000308,0.000203,0.000018
0.000047,0.995423,0.002956,0.001233,0.000000,0.000103,0.000000,0.000219,0.000019
0.000181,0.847315,0.140533,0.007705,0.000000,0.000692,0.000455,0.000599,0.002520
0.000833,0.869020,0.111230,0.002985,0.000127,0.003058,0.006331,0.002892,0.003523
0.002041,0.416651,0.488100,0.071044,0.000000,0.001797,0.018789,0.001205,0.000373
0.002390,0.924142,0.046184,0.012529,0.000000,0.002616,0.010288,0.000866,0.000985
0.000797,0.783413,0.116904,0.088230,0.000000,0.000800,0.005534,0.000603,0.003719
0.000000,0.957102,0.041080,0.001480,0.000000,0.000102,0.000000,0.000216,0.000019
0.000176,0.468688,0.475007,0.054439,0.000000,0.000133,0.001328,0.000211,0.000019
0.000047,0.781087,0.158104,0.059736,0.000000,0.000225,0.000562,0.000219,0.000019
0.000137,0.964354,0.031092,0.003257,0.000000,0.000105,0.000815,0.000221,0.000019
0.000046,0.604718,0.365805,0.026577,0.000000,0.000102,0.002468,0.000265,0.000018
0.000434,0.896251,0.094410,0.004291,0.001340,0.000763,0.001488,0.000821,0.000199
0.000000,0.992562,0.003823,0.003222,0.000000,0.000103,0.000000,0.000271,0.000019
0.000000,0.885910,0.107942,0.005680,0.000000,0.000180,0.000000,0.000268,0.000019
0.000000,0.988515,0.009341,0.001763,0.000000,0.000142,0.000000,0.000220,0.000019
0.000000,0.491770,0.492743,0.012855,0.000000,0.000099,0.002305,0.000210,0.000018
0.000042,0.462699,0.535952,0.000329,0.000000,0.000247,0.000118,0.000595,0.000018
0.000188,0.929857,0.024025,0.045455,0.000000,0.000103,0.000130,0.000223,0.000020
0.000709,0.941552,0.041598,0.011756,0.000088,0.000777,0.002678,0.000822,0.000020
0.000418,0.740918,0.101132,0.153429,0.000000,0.001716,0.001392,0.000803,0.000192
0.002152,0.806422,0.144912,0.027950,0.000000,0.001962,0.007794,0.001383,0.007425
0.000000,0.999307,0.000000,0.000302,0.000000,0.000103,0.000000,0.000269,0.000019
0.001105,0.781496,0.197738,0.015861,0.000000,0.000189,0.003155,0.000318,0.000137
0.000000,0.984527,0.006431,0.008577,0.000000,0.000103,0.000124,0.000218,0.000019
0.003471,0.583410,0.379933,0.025128,0.000000,0.001690,0.006132,0.000217,0.000019
0.000819,0.966951,0.006848,0.021959,0.000500,0.000817,0.000461,0.001277,0.000370
0.000000,0.683661,0.234063,0.080917,0.000000,0.000142,0.000985,0.000214,0.000018
0.000672,0.785323,0.033721,0.179884,0.000000,0.000173,0.000000,0.000208,0.000018
0.000000,0.705834,0.238891,0.053388,0.000000,0.000138,0.001517,0.000214,0.000018
0.000451,0.430248,0.559038,0.008370,0.000382,0.000166,0.000750,0.000469,0.000124
0.000178,0.784827,0.190611,0.016327,0.000000,0.000748,0.007075,0.000214,0.000018
0.004544,0.785203,0.133447,0.014746,0.000146,0.012640,0.022384,0.009417,0.017473
0.000047,0.965503,0.024125,0.009982,0.000000,0.000104,0.000000,0.000220,0.000019
0.000184,0.808059,0.173194,0.017018,0.000000,0.000173,0.000127,0.000467,0.000779
0.000421,0.853473,0.140722,0.001889,0.000000,0.000754,0.001803,0.000800,0.000138
0.005491,0.547392,0.138413,0.010871,0.250353,0.008523,0.018443,0.001675,0.018838
0.000042,0.752198,0.246167,0.000347,0.000000,0.000161,0.000111,0.000957,0.000017
0.000181,0.665472,0.315932,0.001793,0.000000,0.000763,0.003385,0.012277,0.000197
0.000510,0.919260,0.042581,0.018736,0.010485,0.000230,0.006960,0.000855,0.000382
0.000000,0.145529,0.852666,0.000416,0.000000,0.000227,0.000230,0.000912,0.000020
0.000000,0.755936,0.235100,0.008211,0.000000,0.000098,0.000429,0.000208,0.000018
0.006957,0.401189,0.284194,0.124356,0.000000,0.018366,0.146066,0.002163,0.016708
0.000000,0.710255,0.241351,0.042073,0.000000,0.000100,0.005992,0.000211,0.000018
0.000181,0.872012,0.110159,0.016831,0.000000,0.000186,0.000216,0.000219,0.000196
0.000399,0.503254,0.425520,0.064782,0.000000,0.001690,0.003761,0.000465,0.000129
0.000177,0.744609,0.201587,0.050851,0.000209,0.000223,0.000994,0.000423,0.000927
0.001136,0.540082,0.426335,0.011765,0.000000,0.000264,0.019825,0.000575,0.000018
0.000760,0.829513,0.075321,0.081634,0.000000,0.008282,0.001444,0.001482,0.001565
0.000185,0.788981,0.168954,0.039136,0.000000,0.001202,0.000578,0.000829,0.000136
0.001256,0.838009,0.137493,0.015032,0.000000,0.001791,0.002405,0.001437,0.002576
0.000183,0.955504,0.014243,0.026810,0.000000,0.001140,0.001828,0.000272,0.000019
0.000128,0.452858,0.499320,0.036196,0.000000,0.000709,0.010558,0.000212,0.000018
0.000467,0.833611,0.146771,0.015206,0.000000,0.000772,0.001723,0.000722,0.000728
0.000137,0.974372,0.022286,0.002152,0.000000,0.000225,0.000000,0.000220,0.000609
0.000188,0.707620,0.196819,0.086941,0.000205,0.001712,0.005218,0.001161,0.000136
0.000047,0.998465,0.000175,0.000972,0.000000,0.000103,0.000000,0.000218,0.000019
0.000134,0.822884,0.173271,0.003187,0.000000,0.000139,0.000000,0.000365,0.000018
0.000760,0.576279,0.409382,0.004160,0.000000,0.004685,0.003144,0.000907,0.000684
0.000047,0.903282,0.051362,0.044846,0.000000,0.000104,0.000000,0.000220,0.000138
0.000000,0.259808,0.695496,0.044230,0.000000,0.000107,0.000122,0.000218,0.000018
0.000146,0.142388,0.258551,0.555231,0.000000,0.030178,0.012221,0.000689,0.000596
0.000000,0.998929,0.000472,0.000258,0.000000,0.000104,0.000000,0.000218,0.000019
0.000000,0.951200,0.035665,0.012793,0.000000,0.000103,0.000000,0.000221,0.000019
0.005628,0.472090,0.220033,0.228837,0.002875,0.025391,0.011638,0.014785,0.018723
0.000432,0.586242,0.405107,0.006851,0.000000,0.000098,0.001049,0.000204,0.000017
0.000000,0.998360,0.000000,0.001300,0.000000,0.000104,0.000000,0.000218,0.000019
0.000000,0.859037,0.091151,0.049477,0.000000,0.000101,0.000000,0.000215,0.000019
0.001258,0.825878,0.139930,0.015937,0.000000,0.001996,0.010114,0.002712,0.002175
0.000182,0.869671,0.004724,0.123890,0.000000,0.000139,0.000000,0.000628,0.000765
0.001963,0.273535,0.250436,0.048951,0.000000,0.003436,0.418628,0.001470,0.001579
0.000000,0.986558,0.009565,0.003269,0.000000,0.000192,0.000000,0.000276,0.000139
0.000000,0.979850,0.014188,0.005619,0.000000,0.000104,0.000000,0.000219,0.000019
0.000184,0.789237,0.166609,0.040846,0.000000,0.000256,0.002630,0.000219,0.000019
0.000049,0.809285,0.175767,0.012223,0.000000,0.000226,0.002087,0.000222,0.000141
0.000000,0.998033,0.001127,0.000376,0.000000,0.000103,0.000123,0.000219,0.000019
0.000000,0.994615,0.003423,0.001498,0.000000,0.000103,0.000124,0.000218,0.000019
0.000000,0.449299,0.356118,0.192508,0.000328,0.000249,0.001099,0.000380,0.000019
0.000435,0.899051,0.082361,0.014115,0.000000,0.000796,0.001103,0.000223,0.001916
0.000000,0.447716,0.377346,0.174596,0.000000,0.000108,0.000000,0.000215,0.000018
0.000480,0.666574,0.199467,0.126988,0.000000,0.002529,0.002330,0.001002,0.000631
0.000180,0.715608,0.194809,0.079964,0.000000,0.000177,0.008911,0.000217,0.000134
0.000000,0.994928,0.003234,0.001498,0.000000,0.000103,0.000000,0.000218,0.000019
0.000549,0.790883,0.133039,0.060568,0.000000,0.002499,0.004693,0.001382,0.006388
0.000000,0.756344,0.242053,0.000238,0.000000,0.000090,0.000000,0.001259,0.000017
0.000468,0.885067,0.104460,0.003248,0.000000,0.000752,0.005645,0.000220,0.000141
0.000000,0.859611,0.129540,0.010380,0.000000,0.000105,0.000125,0.000220,0.000019
0.000000,0.998994,0.000000,0.000545,0.000000,0.000102,0.000123,0.000217,0.000019
0.000048,0.981741,0.002313,0.015394,0.000000,0.000142,0.000123,0.000220,0.000019
0.000136,0.988750,0.010175,0.000472,0.000000,0.000104,0.000124,0.000220,0.000019
0.003364,0.779490,0.029922,0.003207,0.000000,0.002623,0.002086,0.000285,0.179022
0.002298,0.423760,0.551381,0.000925,0.000225,0.016805,0.002887,0.001415,0.000304
0.000183,0.939512,0.054387,0.004994,0.000000,0.000141,0.000547,0.000218,0.000019
0.000046,0.562674,0.372145,0.062257,0.000000,0.000215,0.002435,0.000211,0.000018
0.000678,0.698715,0.277572,0.013550,0.000000,0.000263,0.008793,0.000411,0.000018
