0,1,2,3,4,5,6,7,8
0.728303,0.000914,0.005998,0.004907,0.000034,0.101527,0.080342,0.056839,0.021137
0.775328,0.000062,0.000502,0.001231,0.000000,0.185179,0.015462,0.018989,0.003248
0.204833,0.041771,0.017840,0.009282,0.000056,0.097476,0.155615,0.349808,0.123320
0.561277,0.000277,0.000411,0.000322,0.000000,0.009974,0.338459,0.080406,0.008874
0.868542,0.000062,0.000094,0.000250,0.000000,0.006823,0.006367,0.009465,0.108398
0.935146,0.000345,0.000522,0.000232,0.000030,0.011571,0.008448,0.025134,0.018572
0.978032,0.000000,0.000064,0.000122,0.000000,0.001428,0.005000,0.013002,0.002352
0.004830,0.005100,0.013109,0.017159,0.000035,0.934606,0.006711,0.008728,0.009720
0.018683,0.009012,0.001918,0.007822,0.000000,0.023615,0.602019,0.335604,0.001328
0.632575,0.015285,0.007715,0.007943,0.000257,0.080468,0.028686,0.212125,0.014946
0.835192,0.000063,0.000686,0.000587,0.000030,0.005199,0.006674,0.038178,0.113391
0.609580,0.000051,0.000346,0.000092,0.000000,0.011993,0.352031,0.024335,0.001573
0.059575,0.009960,0.006076,0.015765,0.002474,0.381743,0.065262,0.089909,0.369236
0.778057,0.000069,0.000065,0.000831,0.000217,0.123823,0.042833,0.029433,0.024671
0.820619,0.000060,0.000056,0.000100,0.000000,0.002926,0.006410,0.167747,0.002082
0.402757,0.015555,0.001570,0.008011,0.005738,0.010058,0.525850,0.008491,0.021970
0.401935,0.000071,0.001212,0.000430,0.000025,0.059994,0.027666,0.470993,0.037672
0.059985,0.113987,0.085877,0.027430,0.000313,0.133318,0.535996,0.026237,0.016857
0.994442,0.000000,0.000000,0.000125,0.000000,0.001969,0.000900,0.001498,0.001067
0.007468,0.000070,0.000000,0.000129,0.000000,0.001579,0.000135,0.001160,0.989459
0.493423,0.000510,0.001210,0.000343,0.000316,0.293186,0.088971,0.096978,0.025064
0.272756,0.000809,0.003752,0.001048,0.000031,0.070276,0.068738,0.574652,0.007938
0.461358,0.000000,0.000000,0.000574,0.000000,0.521392,0.008803,0.002485,0.005388
0.511383,0.000056,0.000404,0.000093,0.000000,0.003605,0.004782,0.066362,0.413315
0.006715,0.000068,0.000069,0.000554,0.000000,0.937799,0.003433,0.046704,0.004659
0.751066,0.000062,0.000064,0.000247,0.000000,0.003987,0.010048,0.081416,0.153109
0.785223,0.000363,0.000506,0.001074,0.000224,0.041228,0.007382,0.036750,0.127250
0.218146,0.000716,0.001443,0.006293,0.000226,0.440862,0.025567,0.018108,0.288640
0.635399,0.000065,0.000585,0.000111,0.000000,0.018826,0.020953,0.253755,0.070305
0.529193,0.000050,0.000000,0.001298,0.000000,0.449944,0.015537,0.002377,0.001602
0.071251,0.021438,0.018078,0.010531,0.000033,0.009043,0.003535,0.005753,0.860339
0.452382,0.000044,0.000042,0.000196,0.000000,0.001323,0.003459,0.001273,0.541280
0.099322,0.000930,0.001404,0.012851,0.000108,0.801528,0.012571,0.015883,0.055402
0.518486,0.000055,0.000053,0.008123,0.000171,0.354936,0.008114,0.002822,0.107239
0.559771,0.000626,0.005419,0.000804,0.000030,0.068495,0.176474,0.173786,0.014596
0.738512,0.011807,0.002724,0.001923,0.000439,0.149563,0.030784,0.003240,0.061007
0.778599,0.000000,0.000061,0.000261,0.000370,0.005106,0.008104,0.203209,0.004290
0.539226,0.000050,0.000083,0.000196,0.000000,0.001637,0.004384,0.452235,0.002188
0.624230,0.000325,0.003760,0.000433,0.000000,0.004481,0.231942,0.132329,0.002498
0.657563,0.000319,0.000453,0.002036,0.000000,0.269144,0.042060,0.022856,0.005568
0.112624,0.013453,0.009850,0.006692,0.000000,0.303368,0.160380,0.017862,0.375770
0.130916,0.104914,0.008784,0.041985,0.000269,0.391821,0.012290,0.001994,0.307027
0.811689,0.000000,0.000000,0.000101,0.000000,0.012882,0.001456,0.013350,0.160522
0.250372,0.000647,0.001253,0.001220,0.000036,0.367366,0.036827,0.185986,0.156293
0.675446,0.002802,0.009160,0.003705,0.000265,0.014944,0.113960,0.046194,0.133524
0.306325,0.011210,0.006735,0.005431,0.000177,0.065167,0.107106,0.482620,0.015228
0.400895,0.000836,0.000042,0.001011,0.005792,0.400132,0.025038,0.003020,0.163234
0.135721,0.006158,0.004212,0.001259,0.000454,0.010782,0.008025,0.027441,0.805949
0.510114,0.000063,0.000476,0.000631,0.000151,0.053901,0.021693,0.073394,0.339577
0.336169,0.000718,0.001085,0.001793,0.000187,0.034944,0.008870,0.009581,0.606652
0.777215,0.000062,0.000389,0.000229,0.000000,0.000830,0.001539,0.008059,0.211677
0.542366,0.000942,0.007779,0.007888,0.000000,0.254617,0.061881,0.105023,0.019504
0.185833,0.000057,0.000525,0.000270,0.000000,0.012633,0.023151,0.767162,0.010368
0.160033,0.000000,0.000000,0.000113,0.000000,0.000267,0.000068,0.000347,0.839172
0.892696,0.000061,0.000058,0.000355,0.000000,0.002100,0.010607,0.001928,0.092195
0.508383,0.055861,0.011686,0.002579,0.000125,0.040625,0.094499,0.028548,0.257695
0.066325,0.000000,0.000000,0.000123,0.000000,0.001959,0.000081,0.001104,0.930408
0.630222,0.000055,0.000407,0.000337,0.000118,0.010009,0.014442,0.334790,0.009621
0.744792,0.000734,0.001387,0.000271,0.000240,0.031147,0.045448,0.157653,0.018328
0.204838,0.000515,0.001222,0.000380,0.000033,0.074905,0.645396,0.059273,0.013438
0.637394,0.000511,0.001170,0.000746,0.000197,0.010762,0.011115,0.029707,0.308399
0.767439,0.030364,0.015425,0.010029,0.000261,0.079800,0.010267,0.060058,0.026357
0.692677,0.005672,0.002538,0.000646,0.000000,0.004527,0.034513,0.002576,0.256852
0.011282,0.612193,0.214488,0.071103,0.002520,0.002172,0.058831,0.004208,0.023203
0.238386,0.116524,0.156667,0.024369,0.000102,0.056265,0.124436,0.267749,0.015502
0.114007,0.000060,0.000098,0.000246,0.000000,0.005201,0.006167,0.382869,0.491353
0.097036,0.187231,0.115774,0.024125,0.000000,0.058340,0.060850,0.022854,0.433790
0.023430,0.000000,0.000000,0.000338,0.000000,0.969301,0.005797,0.000576,0.000558
0.960536,0.000355,0.000106,0.000498,0.000163,0.009801,0.003737,0.009394,0.015409
0.532587,0.004958,0.006943,0.001357,0.000000,0.014842,0.053329,0.299601,0.086383
0.782332,0.000347,0.000109,0.000597,0.000223,0.026688,0.085623,0.031304,0.072778
0.418541,0.000053,0.000365,0.000197,0.000000,0.007697,0.044699,0.523291,0.005157
0.655225,0.000059,0.000436,0.000252,0.000000,0.051589,0.039812,0.242204,0.010422
0.008202,0.000068,0.000066,0.000126,0.000000,0.004728,0.000083,0.986594,0.000132
0.341279,0.000303,0.000452,0.000595,0.000029,0.034732,0.003040,0.215817,0.403754
0.409768,0.000070,0.002292,0.000410,0.000000,0.079796,0.068671,0.320844,0.118150
0.297062,0.000000,0.000050,0.000104,0.000000,0.007525,0.013142,0.676548,0.005568
0.255343,0.000851,0.002151,0.001251,0.000035,0.038188,0.039037,0.041484,0.621660
0.316981,0.027483,0.010499,0.018830,0.000000,0.363216,0.040494,0.080209,0.142289
0.604060,0.000000,0.000080,0.000092,0.000000,0.011307,0.002552,0.006397,0.375514
0.875184,0.000060,0.000445,0.000634,0.000000,0.003243,0.045063,0.070959,0.004411
0.190590,0.007435,0.006190,0.000620,0.000000,0.049546,0.154035,0.016819,0.574764
0.975978,0.000366,0.000108,0.000704,0.000164,0.004571,0.001957,0.002081,0.014071
0.579837,0.000361,0.003119,0.003487,0.000223,0.114359,0.113667,0.180898,0.004049
0.765151,0.000048,0.000000,0.000343,0.221681,0.005675,0.002210,0.003731,0.001160
0.197890,0.017350,0.010306,0.036183,0.000000,0.095418,0.428876,0.024966,0.189011
0.849589,0.000000,0.000056,0.000241,0.000000,0.013666,0.000320,0.009653,0.126475
0.675191,0.168728,0.031907,0.026525,0.000274,0.012379,0.005191,0.052666,0.027140
0.050525,0.000000,0.000000,0.000123,0.000000,0.006052,0.000207,0.942524,0.000568
0.694066,0.000054,0.000410,0.000103,0.000000,0.011303,0.183850,0.108916,0.001296
0.220757,0.000285,0.000000,0.000470,0.007551,0.007691,0.020044,0.729480,0.013721
0.000889,0.000000,0.000000,0.000275,0.000000,0.998600,0.000084,0.000151,0.000000
0.911107,0.000065,0.000000,0.000117,0.000000,0.004352,0.007769,0.024214,0.052377
0.969273,0.000066,0.000108,0.000122,0.000032,0.001915,0.004099,0.013744,0.010642
0.081661,0.000067,0.000065,0.000369,0.001400,0.053170,0.173435,0.686206,0.003626
0.365257,0.000048,0.000053,0.000216,0.000000,0.005596,0.005591,0.003951,0.619288
0.497737,0.000058,0.000451,0.002384,0.000000,0.332428,0.035356,0.123753,0.007833
0.524195,0.021827,0.002289,0.002919,0.000130,0.098264,0.036343,0.239413,0.074620
0.301534,0.026273,0.005262,0.000996,0.000366,0.009788,0.018643,0.001607,0.635531
0.746694,0.000058,0.000447,0.000110,0.000000,0.018867,0.088382,0.141939,0.003503
0.350973,0.000493,0.000633,0.000329,0.000114,0.044508,0.004036,0.048455,0.550459
0.004750,0.000000,0.000000,0.000122,0.000000,0.004196,0.000076,0.109973,0.880883
0.845967,0.005793,0.003423,0.000915,0.000251,0.051416,0.048983,0.033965,0.009287
0.683435,0.000000,0.000089,0.000104,0.000000,0.003568,0.267645,0.044072,0.001087
0.151403,0.044041,0.030622,0.002637,0.000044,0.122123,0.406626,0.237364,0.005140
0.274175,0.000073,0.000000,0.002499,0.000243,0.449454,0.026369,0.198195,0.048992
0.150445,0.000000,0.000064,0.000120,0.000000,0.000865,0.000120,0.001720,0.846666
0.005521,0.505572,0.460354,0.024348,0.000000,0.000312,0.003346,0.000362,0.000185
0.013845,0.000338,0.001295,0.000907,0.000000,0.023457,0.011619,0.868312,0.080226
0.553494,0.000053,0.000352,0.000207,0.000024,0.004913,0.031300,0.406114,0.003543
0.082670,0.010329,0.009125,0.063246,0.000045,0.481814,0.028953,0.273967,0.049850
0.301740,0.000051,0.000475,0.000351,0.000000,0.001578,0.000240,0.001418,0.694148
0.301635,0.006426,0.014531,0.003224,0.000091,0.277452,0.118328,0.231667,0.046645
0.717514,0.000054,0.000331,0.000109,0.000087,0.004514,0.012670,0.246509,0.018211
0.516909,0.000420,0.000761,0.000270,0.000423,0.236462,0.043423,0.172143,0.029190
0.331721,0.005461,0.009508,0.001616,0.000034,0.021770,0.023373,0.007393,0.599123
0.259678,0.000051,0.000626,0.000463,0.000000,0.000789,0.000102,0.000638,0.737653
0.505406,0.002062,0.003205,0.004060,0.000462,0.243817,0.031993,0.072015,0.136980
0.086648,0.000067,0.000499,0.000574,0.000032,0.023402,0.002792,0.011431,0.874556
0.012598,0.381737,0.525409,0.042616,0.000000,0.001044,0.025897,0.000338,0.010362
0.811324,0.037104,0.005693,0.001543,0.000030,0.004130,0.015801,0.001488,0.122888
0.380254,0.000601,0.003048,0.001682,0.000000,0.265327,0.024654,0.054157,0.270276
0.234608,0.000057,0.000066,0.001014,0.000157,0.067313,0.008907,0.059951,0.627928
0.550382,0.000051,0.000369,0.000200,0.000023,0.001071,0.023208,0.422679,0.002017
0.814203,0.000059,0.000478,0.000127,0.000000,0.015029,0.005086,0.043037,0.121982
0.019648,0.454293,0.385539,0.031582,0.000288,0.015873,0.032830,0.054443,0.005504
0.762898,0.000351,0.000433,0.000496,0.000000,0.010296,0.009868,0.002489,0.213168
0.559044,0.000059,0.000925,0.002130,0.000000,0.396504,0.010578,0.017801,0.012959
0.970960,0.000063,0.000065,0.000271,0.000000,0.001479,0.019979,0.002061,0.005121
0.188733,0.004971,0.003665,0.001026,0.000030,0.002513,0.016897,0.000739,0.781426
0.220420,0.000315,0.001172,0.000243,0.000000,0.024542,0.022094,0.727870,0.003344
0.436758,0.000000,0.000000,0.000084,0.000000,0.001240,0.000136,0.002081,0.559700
0.823671,0.003372,0.004186,0.002202,0.000000,0.001307,0.023812,0.001005,0.140443
0.941300,0.000253,0.001034,0.000379,0.000095,0.002243,0.033284,0.019031,0.002380
0.012028,0.000904,0.001406,0.032963,0.000036,0.914646,0.018256,0.011814,0.007948
0.940262,0.000066,0.000057,0.000262,0.000000,0.000929,0.000270,0.001994,0.056161
0.134287,0.097646,0.017707,0.095235,0.000119,0.106232,0.011334,0.002482,0.534959
0.557016,0.175830,0.077635,0.013333,0.000090,0.026101,0.012072,0.112160,0.025763
0.820686,0.000056,0.000057,0.000232,0.000027,0.004762,0.001583,0.002114,0.170483
0.292987,0.000051,0.001090,0.000203,0.000000,0.007820,0.023969,0.673412,0.000467
0.975210,0.000364,0.000064,0.000531,0.000032,0.010724,0.002495,0.002076,0.008504
0.033741,0.000066,0.000826,0.004007,0.000034,0.871524,0.027268,0.055197,0.007337
0.525182,0.006432,0.018555,0.001535,0.000000,0.028818,0.212758,0.195536,0.011185
0.918069,0.007466,0.005593,0.002186,0.000068,0.010518,0.003320,0.049024,0.003755
0.285543,0.000000,0.000386,0.000320,0.000000,0.002690,0.007489,0.699878,0.003695
0.733548,0.000066,0.000066,0.000382,0.000000,0.027167,0.004643,0.051172,0.182957
0.067709,0.000063,0.001304,0.000777,0.000000,0.000933,0.001867,0.001612,0.925734
0.920728,0.002616,0.003625,0.000120,0.000231,0.018060,0.008686,0.016397,0.029537
0.032449,0.005142,0.003390,0.029588,0.000036,0.887401,0.022181,0.008182,0.011630
0.118803,0.007772,0.009108,0.003614,0.045525,0.305448,0.187786,0.216876,0.105069
0.330153,0.000063,0.000559,0.000379,0.000028,0.052767,0.067619,0.523972,0.024460
0.534230,0.010266,0.007842,0.007086,0.000000,0.358996,0.037029,0.040581,0.003970
0.344489,0.000399,0.000528,0.000440,0.000000,0.058047,0.027125,0.423426,0.145547
0.552044,0.000045,0.000000,0.001179,0.000000,0.001277,0.002494,0.001367,0.441593
0.918096,0.000280,0.000111,0.000128,0.000403,0.007069,0.028968,0.030387,0.014558
0.669470,0.013019,0.008309,0.003581,0.005750,0.091075,0.156422,0.027651,0.024723
0.544219,0.000000,0.000491,0.001679,0.000000,0.166645,0.025058,0.196604,0.065306
0.300898,0.007200,0.009753,0.000789,0.000276,0.032977,0.029282,0.608371,0.010454
0.455280,0.000053,0.000087,0.000559,0.000000,0.001149,0.002344,0.105414,0.435114
0.863192,0.000065,0.000000,0.000263,0.000223,0.034707,0.004944,0.034585,0.062022
0.201804,0.021171,0.006960,0.005217,0.001965,0.035667,0.028636,0.061999,0.636581
0.258242,0.018297,0.002791,0.023899,0.080830,0.260074,0.278211,0.061219,0.016437
0.470193,0.000050,0.001754,0.000319,0.000000,0.473436,0.023990,0.028658,0.001599
0.127052,0.202845,0.076781,0.043682,0.000517,0.005216,0.034279,0.002322,0.507307
0.499566,0.000513,0.004508,0.001788,0.000027,0.022298,0.042810,0.415424,0.013065
0.543270,0.002469,0.006202,0.001393,0.000191,0.125606,0.093689,0.217847,0.009332
0.800287,0.022317,0.001761,0.001173,0.095427,0.009931,0.013739,0.003697,0.051668
0.101428,0.011252,0.009082,0.001924,0.000000,0.032861,0.467080,0.358563,0.017810
0.380813,0.001555,0.003388,0.000224,0.000000,0.015521,0.015181,0.556403,0.026915
0.002162,0.000000,0.000000,0.000126,0.000000,0.996501,0.000084,0.000994,0.000133
0.896778,0.000065,0.000362,0.000808,0.000152,0.001811,0.015596,0.025381,0.059047
0.728224,0.000059,0.000101,0.000420,0.000029,0.017645,0.026540,0.216315,0.010667
0.393839,0.001835,0.002946,0.000762,0.000000,0.206318,0.149215,0.233928,0.011157
0.340875,0.017605,0.011869,0.005886,0.000043,0.100043,0.207700,0.300990,0.014988
0.010326,0.118650,0.014595,0.143886,0.000629,0.096312,0.022557,0.262425,0.330621
0.585104,0.000055,0.000416,0.000114,0.000000,0.011669,0.007518,0.335901,0.059223
0.015649,0.122406,0.332911,0.015133,0.000158,0.021595,0.471579,0.016394,0.004175
0.657230,0.002183,0.000473,0.000556,0.000061,0.012787,0.014203,0.021819,0.290689
0.501382,0.068918,0.003529,0.001155,0.368205,0.007341,0.036216,0.002304,0.010951
0.042870,0.053266,0.019220,0.007222,0.000066,0.001448,0.001910,0.002873,0.871125
0.502753,0.000054,0.000375,0.000203,0.000000,0.005404,0.019717,0.469591,0.001904
0.094514,0.009312,0.005794,0.002044,0.000000,0.126288,0.277019,0.342510,0.142518
0.276438,0.000000,0.000000,0.000108,0.000000,0.000730,0.000061,0.000731,0.721933
0.444159,0.000327,0.001759,0.000854,0.000027,0.063550,0.015877,0.405824,0.067621
0.720195,0.000063,0.000508,0.000583,0.000000,0.020536,0.066257,0.177469,0.014389
0.477316,0.000326,0.003473,0.000829,0.000024,0.061426,0.025253,0.366492,0.064862
0.013107,0.057231,0.018114,0.015554,0.000000,0.023557,0.022296,0.671606,0.178536
0.633680,0.000341,0.001927,0.002450,0.000000,0.052863,0.002313,0.001570,0.304856
0.417598,0.000961,0.001255,0.003957,0.000201,0.069704,0.070475,0.416927,0.018922
0.611752,0.000820,0.003131,0.000616,0.000029,0.002218,0.019538,0.346028,0.015869
0.629345,0.000504,0.001175,0.001289,0.000198,0.163540,0.170039,0.023160,0.010750
0.728509,0.002152,0.001346,0.001984,0.000436,0.138083,0.021205,0.087113,0.019172
0.000723,0.561123,0.431040,0.000244,0.000000,0.002103,0.002760,0.001819,0.000187
0.000055,0.918277,0.048239,0.032967,0.000000,0.000055,0.000087,0.000182,0.000138
0.000945,0.493265,0.470803,0.017515,0.000000,0.002035,0.013512,0.001722,0.000204
0.000834,0.113051,0.512045,0.047624,0.000000,0.001370,0.323456,0.001060,0.000560
0.000053,0.998483,0.000066,0.001109,0.000000,0.000054,0.000084,0.000152,0.000000
0.000122,0.953811,0.035899,0.009240,0.000000,0.000054,0.000214,0.000153,0.000507
0.000051,0.573176,0.398639,0.026076,0.000132,0.000051,0.000961,0.000305,0.000609
0.000053,0.999316,0.000066,0.000276,0.000000,0.000054,0.000084,0.000152,0.000000
0.000053,0.809605,0.188277,0.000119,0.000000,0.000978,0.000129,0.000839,0.000000
0.000053,0.998656,0.000472,0.000396,0.000000,0.000054,0.000084,0.000152,0.000133
0.001787,0.361696,0.049270,0.000578,0.579955,0.000998,0.003568,0.001690,0.000457
0.000648,0.868214,0.094479,0.031830,0.000000,0.001063,0.000219,0.001222,0.002325
0.000224,0.862024,0.110837,0.025590,0.000000,0.000057,0.000797,0.000329,0.000143
0.000152,0.351796,0.586136,0.058152,0.000000,0.000053,0.003275,0.000300,0.000136
0.001536,0.511613,0.465642,0.016500,0.000000,0.001445,0.002052,0.000878,0.000334
0.002869,0.631995,0.217762,0.052499,0.000123,0.075859,0.004823,0.005070,0.009000
0.001454,0.582506,0.019088,0.374718,0.000034,0.011000,0.004100,0.002215,0.004885
0.000053,0.999197,0.000334,0.000126,0.000000,0.000054,0.000084,0.000152,0.000000
0.000052,0.971432,0.026392,0.000126,0.000000,0.000053,0.000131,0.001813,0.000000
0.000152,0.992858,0.005080,0.001306,0.000000,0.000054,0.000372,0.000179,0.000000
0.000053,0.967769,0.026542,0.004767,0.000000,0.000053,0.000666,0.000151,0.000000
0.000052,0.927546,0.036498,0.035607,0.000000,0.000057,0.000083,0.000156,0.000000
0.000085,0.725109,0.260910,0.011401,0.000000,0.000052,0.001856,0.000173,0.000414
0.002265,0.925680,0.031375,0.027508,0.000000,0.002548,0.006819,0.002323,0.001482
0.000054,0.170318,0.786186,0.043027,0.000000,0.000050,0.000214,0.000150,0.000000
0.001044,0.740249,0.065953,0.188507,0.000069,0.002026,0.000386,0.000813,0.000954
0.001240,0.957616,0.007583,0.029419,0.000384,0.000193,0.000872,0.001563,0.001129
0.000280,0.716805,0.246991,0.027266,0.000000,0.001017,0.004087,0.001199,0.002355
0.000150,0.820022,0.173032,0.003310,0.000000,0.000423,0.000365,0.001059,0.001639
0.000327,0.440288,0.483287,0.065501,0.000000,0.001009,0.008943,0.000508,0.000138
0.000053,0.993049,0.003373,0.003237,0.000000,0.000053,0.000084,0.000152,0.000000
0.000053,0.464031,0.446827,0.086981,0.000000,0.000052,0.001907,0.000149,0.000000
0.003163,0.917324,0.056888,0.009783,0.000477,0.001571,0.006610,0.001652,0.002532
0.001915,0.856598,0.120939,0.010945,0.000000,0.001066,0.000404,0.001241,0.006892
0.000150,0.997035,0.000787,0.000646,0.000000,0.000310,0.000133,0.000179,0.000760
0.000119,0.988318,0.007148,0.003997,0.000000,0.000054,0.000213,0.000152,0.000000
0.004158,0.753150,0.210377,0.015330,0.000035,0.002886,0.006954,0.002133,0.004976
0.006522,0.791309,0.043147,0.003258,0.134422,0.001913,0.005023,0.007036,0.007370
0.000122,0.907772,0.087832,0.003692,0.000000,0.000055,0.000373,0.000154,0.000000
0.000217,0.995122,0.002951,0.000278,0.000000,0.000054,0.000133,0.000444,0.000802
0.042439,0.381825,0.226964,0.060798,0.000251,0.007817,0.263374,0.003962,0.012571
0.000122,0.943534,0.045254,0.010403,0.000174,0.000055,0.000168,0.000155,0.000135
0.000228,0.802189,0.154975,0.034276,0.000000,0.001988,0.001062,0.001911,0.003371
0.001396,0.763985,0.218455,0.009229,0.000000,0.000181,0.006057,0.000494,0.000201
0.000053,0.994975,0.002217,0.002416,0.000000,0.000053,0.000133,0.000152,0.000000
0.000372,0.691271,0.294816,0.009864,0.000000,0.000433,0.002182,0.000448,0.000614
0.000254,0.893809,0.090055,0.012330,0.000000,0.001576,0.000447,0.000799,0.000731
0.000052,0.972652,0.017646,0.009215,0.000000,0.000054,0.000132,0.000180,0.000067
0.000157,0.945446,0.039163,0.013703,0.000000,0.000442,0.000768,0.000183,0.000138
0.000233,0.651623,0.018492,0.325458,0.000000,0.001400,0.001873,0.000335,0.000585
0.000088,0.942104,0.046082,0.011301,0.000000,0.000055,0.000216,0.000154,0.000000
0.000150,0.680254,0.199866,0.116888,0.000000,0.001000,0.001223,0.000419,0.000199
0.000155,0.441562,0.525763,0.026961,0.000000,0.001527,0.002726,0.001170,0.000137
0.000353,0.881024,0.100465,0.013375,0.000036,0.000624,0.000381,0.000932,0.002811
0.000449,0.342359,0.376806,0.275484,0.000000,0.001487,0.001544,0.001672,0.000199
0.004946,0.213145,0.493756,0.059186,0.000000,0.004920,0.216617,0.001913,0.005518
0.000158,0.764414,0.190990,0.039893,0.000000,0.001029,0.002039,0.001190,0.000287
0.000271,0.296227,0.687504,0.014846,0.000000,0.000050,0.000797,0.000171,0.000134
0.000467,0.930850,0.047029,0.014482,0.000036,0.001528,0.003432,0.001521,0.000654
0.000130,0.292275,0.258210,0.099829,0.000000,0.000258,0.348514,0.000665,0.000119
0.000821,0.867232,0.123254,0.007792,0.000000,0.000059,0.000682,0.000161,0.000000
0.000985,0.904936,0.074442,0.015726,0.000000,0.001021,0.001172,0.001508,0.000210
0.000053,0.998594,0.000787,0.000276,0.000000,0.000054,0.000084,0.000152,0.000000
0.001424,0.828356,0.133129,0.031031,0.000143,0.000457,0.003540,0.001417,0.000504
0.003066,0.012498,0.395032,0.007408,0.000028,0.009240,0.558251,0.008866,0.005611
0.000053,0.989875,0.001089,0.001061,0.000000,0.000440,0.000133,0.000315,0.007034
0.000352,0.684577,0.308855,0.002038,0.000231,0.000928,0.002345,0.000488,0.000185
0.019532,0.627784,0.195175,0.062626,0.000336,0.027963,0.042691,0.005902,0.017992
0.000053,0.996814,0.002218,0.000492,0.000000,0.000053,0.000084,0.000286,0.000000
0.000386,0.948705,0.038292,0.006883,0.000000,0.001028,0.004223,0.000344,0.000139
0.000153,0.305834,0.684053,0.000127,0.000000,0.000055,0.000131,0.009647,0.000000
0.000053,0.996940,0.000787,0.001797,0.000000,0.000054,0.000084,0.000153,0.000133
0.001253,0.861192,0.087000,0.035381,0.000219,0.008010,0.003606,0.001556,0.001781
0.004497,0.412390,0.353316,0.199913,0.000000,0.002261,0.020484,0.002450,0.004689
0.000353,0.522732,0.470753,0.004246,0.000000,0.000175,0.000271,0.001076,0.000393
0.001079,0.751898,0.213603,0.024239,0.000000,0.001627,0.003706,0.001483,0.002364
0.000053,0.996505,0.001356,0.000618,0.000000,0.000054,0.000084,0.001330,0.000000
0.000387,0.604757,0.168001,0.225647,0.000000,0.000053,0.001008,0.000147,0.000000
0.000053,0.994693,0.004295,0.000669,0.000000,0.000054,0.000084,0.000153,0.000000
0.000052,0.602592,0.396210,0.000359,0.000000,0.000045,0.000151,0.000458,0.000133
0.000053,0.998422,0.000472,0.000764,0.000000,0.000054,0.000084,0.000152,0.000000
0.000221,0.640032,0.357617,0.000118,0.000030,0.000922,0.000196,0.000739,0.000124
0.000102,0.470637,0.061572,0.466935,0.000027,0.000284,0.000119,0.000326,0.000000
0.000988,0.836432,0.083640,0.059306,0.000000,0.006975,0.008094,0.001640,0.002925
0.229039,0.290092,0.008156,0.001403,0.292709,0.030804,0.077178,0.064540,0.006078
0.000119,0.871142,0.118098,0.010180,0.000000,0.000054,0.000128,0.000151,0.000129
0.000423,0.532184,0.446870,0.011034,0.000168,0.001547,0.003466,0.001960,0.002347
0.000089,0.970587,0.015879,0.010943,0.000000,0.000451,0.000786,0.000347,0.000919
0.003589,0.840837,0.139665,0.012238,0.000000,0.000450,0.002213,0.000870,0.000137
0.000053,0.996369,0.002007,0.001098,0.000000,0.000054,0.000133,0.000153,0.000134
0.000053,0.371148,0.607324,0.000124,0.000000,0.000443,0.000367,0.020541,0.000000
0.000053,0.994070,0.003566,0.001888,0.000000,0.000054,0.000084,0.000152,0.000134
0.007556,0.907309,0.011677,0.000485,0.001961,0.045338,0.004318,0.001347,0.020009
0.000364,0.737015,0.244859,0.012205,0.000000,0.001071,0.001507,0.001872,0.001106
0.000441,0.365362,0.325968,0.285890,0.000233,0.000974,0.017725,0.001161,0.002245
0.000152,0.982940,0.003490,0.012631,0.000000,0.000053,0.000207,0.000329,0.000198
0.000113,0.604007,0.377675,0.000270,0.000000,0.000944,0.008329,0.008661,0.000000
0.000155,0.878247,0.104416,0.013957,0.000035,0.000619,0.001283,0.000773,0.000514
0.005416,0.661069,0.280733,0.038970,0.000000,0.002546,0.007237,0.001560,0.002468
0.000891,0.749180,0.187314,0.060644,0.000000,0.001016,0.000301,0.000298,0.000357
0.000120,0.707037,0.246716,0.043356,0.000000,0.000773,0.001291,0.000498,0.000208
0.000053,0.999417,0.000066,0.000126,0.000000,0.000054,0.000132,0.000152,0.000000
0.000121,0.974158,0.009874,0.014137,0.000000,0.000181,0.000957,0.000368,0.000205
0.009971,0.350213,0.178200,0.012044,0.000327,0.008815,0.033496,0.378004,0.028929
0.000053,0.993529,0.005825,0.000277,0.000000,0.000054,0.000084,0.000179,0.000000
0.000123,0.942051,0.048922,0.008357,0.000201,0.000055,0.000135,0.000155,0.000000
0.000049,0.497631,0.496391,0.005468,0.000000,0.000050,0.000271,0.000140,0.000000
0.000054,0.880681,0.109221,0.009317,0.000000,0.000053,0.000132,0.000474,0.000066
0.000053,0.999534,0.000000,0.000126,0.000000,0.000053,0.000084,0.000151,0.000000
0.000281,0.280792,0.521283,0.187684,0.001654,0.000054,0.007953,0.000172,0.000129
0.000114,0.565655,0.399266,0.034690,0.000000,0.000050,0.000083,0.000143,0.000000
0.000281,0.971921,0.006890,0.017311,0.000000,0.000181,0.002773,0.000505,0.000137
0.000273,0.603290,0.204674,0.185828,0.000250,0.002029,0.001565,0.001451,0.000641
0.000384,0.948027,0.032481,0.013729,0.000105,0.000933,0.003344,0.000789,0.000207
0.000189,0.951935,0.009802,0.034168,0.000000,0.002060,0.000309,0.000810,0.000727
0.000765,0.629046,0.003766,0.007736,0.000000,0.000047,0.000751,0.000280,0.357608
0.000391,0.940229,0.011265,0.009653,0.000000,0.001047,0.036008,0.001196,0.000212
0.001770,0.947941,0.040037,0.001324,0.000035,0.001453,0.005457,0.000822,0.001162
0.000152,0.431690,0.525771,0.034928,0.000000,0.001472,0.003448,0.000504,0.002035
0.000052,0.271234,0.724454,0.001911,0.000000,0.000981,0.000206,0.001162,0.000000
0.000785,0.656194,0.317324,0.020965,0.000000,0.000313,0.003163,0.000771,0.000485
0.000341,0.920094,0.068191,0.009020,0.000036,0.000997,0.000689,0.000495,0.000137
0.000119,0.998150,0.000518,0.000278,0.000033,0.000054,0.000209,0.000153,0.000487
0.001289,0.449700,0.482842,0.030560,0.000000,0.000468,0.009871,0.001218,0.024052
0.000053,0.999534,0.000000,0.000126,0.000000,0.000053,0.000084,0.000151,0.000000
0.000263,0.790865,0.153987,0.045847,0.000000,0.000459,0.006779,0.000830,0.000970
0.000119,0.995030,0.004234,0.000278,0.000000,0.000054,0.000133,0.000152,0.000000
0.003015,0.945959,0.036248,0.007225,0.000246,0.001041,0.001519,0.001518,0.003229
0.000892,0.525755,0.292977,0.176910,0.000000,0.000438,0.002267,0.000278,0.000484
0.001358,0.921682,0.069767,0.001342,0.000101,0.001040,0.002269,0.001501,0.000939
0.000117,0.775721,0.223246,0.000120,0.000000,0.000184,0.000123,0.000488,0.000000
0.000053,0.998766,0.000066,0.000665,0.000000,0.000054,0.000084,0.000313,0.000000
0.000054,0.965690,0.028434,0.005448,0.000033,0.000054,0.000134,0.000152,0.000000
0.000050,0.658943,0.332997,0.007681,0.000000,0.000054,0.000126,0.000150,0.000000
0.000224,0.337074,0.630969,0.008329,0.000000,0.000454,0.021847,0.000309,0.000792
0.000053,0.991974,0.005882,0.001588,0.000000,0.000054,0.000083,0.000365,0.000000
0.000937,0.860119,0.125739,0.005134,0.000208,0.001527,0.002705,0.001201,0.002429
0.000056,0.476071,0.256796,0.035126,0.000000,0.000053,0.231745,0.000153,0.000000
0.000050,0.331744,0.613097,0.053439,0.000000,0.000308,0.000875,0.000359,0.000127
0.000121,0.960002,0.028334,0.011202,0.000000,0.000055,0.000132,0.000154,0.000000
0.000123,0.946785,0.038610,0.013973,0.000000,0.000055,0.000135,0.000182,0.000138
0.006229,0.784576,0.093746,0.029137,0.000301,0.009560,0.058329,0.003238,0.014885
0.001595,0.925362,0.032570,0.014353,0.000036,0.002201,0.000187,0.002012,0.021683
0.000111,0.551704,0.338004,0.108008,0.000000,0.000050,0.001645,0.000295,0.000183
0.000053,0.993756,0.004881,0.000886,0.000000,0.000054,0.000084,0.000152,0.000134
0.000052,0.452470,0.523290,0.000274,0.000000,0.000844,0.000371,0.022567,0.000132
0.000053,0.956211,0.041537,0.001882,0.000000,0.000054,0.000084,0.000179,0.000000
0.000380,0.786611,0.051890,0.158976,0.000000,0.000446,0.000290,0.000151,0.001256
0.000053,0.987220,0.003098,0.009338,0.000000,0.000054,0.000084,0.000153,0.000000
0.000119,0.995189,0.003376,0.000764,0.000000,0.000053,0.000133,0.000365,0.000000
0.000158,0.703801,0.115789,0.172929,0.000032,0.003476,0.000295,0.001148,0.002372
0.000057,0.757301,0.202119,0.038311,0.000000,0.000177,0.001089,0.000510,0.000437
0.001521,0.924227,0.052123,0.010390,0.000000,0.001509,0.008287,0.001108,0.000835
0.000338,0.843390,0.134796,0.020167,0.000000,0.000054,0.000134,0.000985,0.000134
0.003563,0.380521,0.397764,0.064265,0.000044,0.010948,0.113809,0.024913,0.004173
0.000056,0.836518,0.113123,0.049629,0.000202,0.000058,0.000225,0.000189,0.000000
0.000053,0.990564,0.002864,0.006181,0.000000,0.000053,0.000133,0.000152,0.000000
0.000053,0.854407,0.126051,0.018329,0.000000,0.000053,0.000825,0.000281,0.000000
0.001804,0.826068,0.004976,0.000141,0.141861,0.003325,0.013699,0.002697,0.005430
0.000150,0.439576,0.535394,0.024330,0.000000,0.000050,0.000292,0.000146,0.000062
0.000050,0.788446,0.207769,0.003231,0.000000,0.000053,0.000277,0.000174,0.000000
0.000056,0.794674,0.133444,0.071210,0.000000,0.000182,0.000139,0.000155,0.000142
0.000461,0.329166,0.497151,0.151472,0.000073,0.000189,0.019759,0.001196,0.000532
0.000051,0.612942,0.359376,0.026981,0.000000,0.000049,0.000271,0.000141,0.000188
0.000051,0.626175,0.299396,0.071337,0.000000,0.000050,0.001883,0.001107,0.000000
0.001127,0.642254,0.016791,0.240623,0.000073,0.097585,0.000228,0.000806,0.000515
0.011678,0.551143,0.077656,0.000688,0.000032,0.002112,0.341315,0.014167,0.001209
0.004256,0.815227,0.117707,0.042839,0.000274,0.002811,0.001793,0.002512,0.012581
0.000121,0.969066,0.026977,0.001309,0.000033,0.000053,0.002149,0.000153,0.000139
0.000053,0.998664,0.000111,0.000883,0.000000,0.000054,0.000084,0.000152,0.000000
0.000212,0.846910,0.146831,0.005378,0.000000,0.000054,0.000208,0.000281,0.000126
0.000049,0.726516,0.271263,0.000534,0.000000,0.000051,0.000199,0.001388,0.000000
0.000053,0.889536,0.102416,0.007705,0.000000,0.000054,0.000084,0.000151,0.000000
0.000285,0.826687,0.038834,0.055935,0.071219,0.000492,0.002502,0.001703,0.002343
0.000408,0.119381,0.877673,0.000135,0.000000,0.000055,0.000318,0.001815,0.000214
0.000118,0.274319,0.694943,0.000280,0.000451,0.000475,0.000138,0.029276,0.000000
0.000054,0.882876,0.114721,0.002009,0.000000,0.000054,0.000134,0.000152,0.000000
0.000220,0.975002,0.010092,0.001121,0.011863,0.001018,0.000087,0.000155,0.000442
0.000053,0.999534,0.000000,0.000126,0.000000,0.000053,0.000084,0.000151,0.000000
0.001796,0.712656,0.202787,0.069123,0.000486,0.003797,0.002264,0.002074,0.005017
0.000365,0.782201,0.207112,0.007325,0.000000,0.000438,0.000951,0.001138,0.000470
0.000053,0.924907,0.066933,0.007195,0.000000,0.000053,0.000368,0.000359,0.000132
0.000053,0.995922,0.001355,0.001794,0.000000,0.000054,0.000670,0.000153,0.000000
0.000049,0.285992,0.426931,0.275864,0.000000,0.000680,0.008826,0.000716,0.000942
0.000279,0.940762,0.048741,0.008575,0.000000,0.000055,0.000844,0.000314,0.000431
0.000114,0.803834,0.187567,0.007401,0.000000,0.000053,0.000884,0.000147,0.000000
0.000049,0.675720,0.226151,0.097594,0.000000,0.000057,0.000277,0.000152,0.000000
0.000175,0.965085,0.032046,0.000888,0.000000,0.000055,0.000083,0.000509,0.001160
0.000051,0.578225,0.391805,0.027334,0.000000,0.000051,0.002384,0.000149,0.000000
0.000339,0.945008,0.044143,0.009902,0.000000,0.000053,0.000083,0.000339,0.000133
0.000832,0.850700,0.115006,0.021611,0.000035,0.001667,0.004704,0.001095,0.004351
0.007672,0.333822,0.477722,0.037483,0.000042,0.014782,0.114416,0.012521,0.001539
0.001875,0.914008,0.025157,0.020605,0.000040,0.014503,0.003962,0.002115,0.017734
0.000053,0.601657,0.232518,0.161353,0.000000,0.000053,0.003738,0.000628,0.000000
0.000054,0.952770,0.013981,0.032702,0.000000,0.000181,0.000135,0.000178,0.000000
0.000227,0.966656,0.022196,0.003843,0.000103,0.001057,0.001630,0.001886,0.002402
0.000391,0.401844,0.383758,0.197184,0.000040,0.008762,0.005275,0.001265,0.001481
0.017738,0.479357,0.280997,0.089171,0.000692,0.027705,0.022864,0.028673,0.052803
0.000713,0.584825,0.060734,0.338473,0.000000,0.013545,0.000299,0.000777,0.000634
0.000250,0.347746,0.539585,0.110967,0.000099,0.000653,0.000378,0.000177,0.000145
0.000053,0.992149,0.002769,0.004690,0.000000,0.000054,0.000133,0.000152,0.000000
0.006445,0.063624,0.403750,0.129605,0.000036,0.145027,0.248087,0.002362,0.001065
0.000111,0.411762,0.582842,0.000116,0.000031,0.001378,0.002170,0.001467,0.000123
0.000338,0.443506,0.516543,0.031262,0.000000,0.000985,0.006825,0.000540,0.000000
0.000050,0.542715,0.380364,0.076465,0.000000,0.000052,0.000079,0.000147,0.000127
0.000882,0.379369,0.318931,0.263106,0.000000,0.002162,0.017948,0.012520,0.005081
0.000868,0.501099,0.404106,0.082910,0.000035,0.000786,0.006758,0.001230,0.002208
0.000271,0.269882,0.724800,0.000126,0.000237,0.002008,0.000210,0.002055,0.000410
0.008379,0.427130,0.421395,0.031973,0.000435,0.015560,0.069904,0.022692,0.002532
0.000119,0.998425,0.000517,0.000601,0.000000,0.000054,0.000132,0.000152,0.000000
0.000119,0.996177,0.001354,0.001545,0.000000,0.000438,0.000084,0.000152,0.000133
0.000451,0.946274,0.026955,0.025768,0.000000,0.000054,0.000210,0.000154,0.000135
0.000182,0.892810,0.096232,0.001845,0.000036,0.002449,0.004501,0.000800,0.001145
0.000284,0.871861,0.116212,0.010439,0.000000,0.000440,0.000133,0.000495,0.000136
0.002265,0.836143,0.134791,0.014486,0.000036,0.001073,0.005329,0.001614,0.004263
0.000053,0.995798,0.002512,0.000996,0.000000,0.000054,0.000084,0.000503,0.000000
0.000097,0.464896,0.072738,0.459783,0.000000,0.001699,0.000118,0.000504,0.000165
0.000049,0.699387,0.248627,0.051345,0.000000,0.000051,0.000272,0.000147,0.000122
0.003141,0.167607,0.551837,0.059571,0.000000,0.007200,0.202281,0.003258,0.005104
0.000164,0.505357,0.465149,0.001002,0.000000,0.002275,0.005101,0.020188,0.000764
0.000054,0.910227,0.084634,0.004798,0.000000,0.000054,0.000085,0.000149,0.000000
0.000053,0.963329,0.031495,0.004783,0.000000,0.000055,0.000132,0.000153,0.000000
0.000053,0.998437,0.000680,0.000493,0.000000,0.000054,0.000132,0.000152,0.000000
0.000123,0.936441,0.050340,0.012022,0.000034,0.000055,0.000136,0.000317,0.000532
0.000053,0.998247,0.000066,0.000277,0.000000,0.000054,0.000084,0.001220,0.000000
0.000210,0.111976,0.156569,0.723624,0.000000,0.003615,0.002645,0.000942,0.000419
0.000468,0.432815,0.432584,0.121587,0.000034,0.001019,0.009726,0.000818,0.000949
0.000048,0.471042,0.526827,0.001820,0.000000,0.000048,0.000077,0.000138,0.000000
0.000327,0.862267,0.129138,0.006137,0.000000,0.000451,0.001046,0.000501,0.000133
0.000054,0.512722,0.401011,0.076485,0.000000,0.000055,0.008954,0.000585,0.000134
0.000155,0.963584,0.019557,0.016412,0.000000,0.000054,0.000085,0.000154,0.000000
0.000252,0.437423,0.131082,0.411672,0.000000,0.016555,0.001420,0.001120,0.000476
0.000151,0.595772,0.023527,0.372889,0.000066,0.001464,0.004998,0.000731,0.000402
0.000113,0.482871,0.413471,0.101345,0.000000,0.000887,0.000373,0.000805,0.000135
0.010367,0.601440,0.018873,0.017859,0.000000,0.040140,0.049883,0.225840,0.035596
0.000053,0.994448,0.005086,0.000126,0.000000,0.000053,0.000083,0.000151,0.000000
0.079987,0.028115,0.000560,0.000725,0.000035,0.050884,0.007140,0.670806,0.161749
0.006711,0.310471,0.251269,0.001074,0.000196,0.009757,0.300454,0.005552,0.114516
0.000053,0.963934,0.034798,0.000283,0.000441,0.000054,0.000084,0.000153,0.000200
0.000112,0.569457,0.409121,0.017109,0.000000,0.000047,0.003851,0.000166,0.000136
0.000052,0.979989,0.007130,0.012411,0.000000,0.000053,0.000083,0.000151,0.000132
0.027587,0.497298,0.040875,0.033511,0.129266,0.036225,0.140922,0.076719,0.017598
0.000253,0.971867,0.006995,0.017868,0.000067,0.001510,0.000217,0.001081,0.000142
0.000262,0.901019,0.034764,0.061967,0.000035,0.000460,0.000727,0.000317,0.000449
0.000052,0.980902,0.004239,0.014390,0.000000,0.000053,0.000082,0.000150,0.000131
0.000054,0.948743,0.028549,0.022153,0.000000,0.000053,0.000134,0.000179,0.000135
0.007212,0.673855,0.240103,0.013271,0.000538,0.007069,0.020826,0.006704,0.030420
0.000053,0.397971,0.552668,0.044203,0.000000,0.000056,0.004762,0.000154,0.000134
0.000053,0.942144,0.056668,0.000770,0.000000,0.000054,0.000132,0.000179,0.000000
0.000152,0.782384,0.186530,0.026361,0.000066,0.000053,0.004103,0.000152,0.000199
0.004366,0.383067,0.329171,0.000276,0.271172,0.002088,0.003806,0.001532,0.004523
0.000843,0.602270,0.288822,0.087842,0.000000,0.001048,0.017928,0.000810,0.000438
0.000685,0.960655,0.026557,0.009415,0.000000,0.000184,0.002033,0.000335,0.000135
0.005270,0.479300,0.427164,0.072116,0.000036,0.005181,0.007950,0.002280,0.000703
0.000150,0.446501,0.502109,0.045160,0.000000,0.000590,0.004878,0.000482,0.000130
0.000740,0.392097,0.579585,0.021292,0.000432,0.000961,0.004142,0.000345,0.000407
0.000320,0.546380,0.438288,0.014029,0.000000,0.000051,0.000638,0.000293,0.000000
0.003049,0.163584,0.173078,0.007947,0.000000,0.018481,0.145883,0.486821,0.001158
0.000053,0.993888,0.004028,0.001715,0.000000,0.000054,0.000084,0.000179,0.000000
0.001016,0.758994,0.167973,0.070641,0.000000,0.000055,0.000847,0.000334,0.000140
0.000054,0.893761,0.099158,0.006122,0.000000,0.000054,0.000702,0.000150,0.000000
0.000053,0.999382,0.000000,0.000276,0.000000,0.000054,0.000084,0.000152,0.000000
0.000048,0.409332,0.584254,0.006099,0.000000,0.000050,0.000076,0.000140,0.000000
0.001577,0.704514,0.213474,0.050917,0.000000,0.020731,0.001956,0.001669,0.005162
0.004006,0.749954,0.171865,0.029774,0.000120,0.033048,0.005986,0.002577,0.002670
0.000115,0.774288,0.216389,0.005822,0.000000,0.000177,0.002323,0.000758,0.000128
0.001398,0.905565,0.070399,0.011629,0.000469,0.001584,0.002785,0.001819,0.004352
0.000250,0.753766,0.220822,0.021228,0.000000,0.001290,0.002138,0.000306,0.000200
0.000216,0.352228,0.635801,0.000125,0.000000,0.000444,0.001457,0.009729,0.000000
0.000377,0.738371,0.244762,0.001734,0.012609,0.001006,0.000214,0.000370,0.000557
0.008207,0.862738,0.057622,0.009059,0.014153,0.002520,0.018642,0.002367,0.024694
0.001014,0.887731,0.042044,0.000297,0.000000,0.004033,0.062432,0.001996,0.000453
0.003271,0.947799,0.032867,0.005424,0.000147,0.001581,0.003303,0.002355,0.003254
0.000053,0.992643,0.003346,0.001056,0.000000,0.000053,0.002671,0.000178,0.000000
0.000792,0.695486,0.280353,0.018969,0.000000,0.000053,0.002738,0.001118,0.000490
0.004594,0.779563,0.147742,0.009904,0.000198,0.020233,0.018894,0.004125,0.014747
0.000199,0.273792,0.423625,0.033625,0.000032,0.000408,0.267092,0.001051,0.000176
0.000312,0.309546,0.216214,0.460426,0.000000,0.002376,0.010043,0.000637,0.000447
0.002660,0.838627,0.078034,0.017742,0.000036,0.000912,0.000347,0.002505,0.059137
0.000400,0.746121,0.211026,0.033605,0.000000,0.002556,0.004790,0.000846,0.000656
0.000054,0.948887,0.045018,0.004925,0.000000,0.000055,0.000134,0.000791,0.000136
0.000054,0.439190,0.142011,0.412768,0.000032,0.004303,0.000281,0.000730,0.000631
0.000318,0.660980,0.335162,0.002384,0.000000,0.000050,0.000267,0.000715,0.000124
0.000049,0.649509,0.293335,0.056754,0.000000,0.000051,0.000154,0.000147,0.000000
0.000048,0.576774,0.422425,0.000110,0.000148,0.000048,0.000118,0.000329,0.000000
0.000348,0.883447,0.109841,0.002593,0.000071,0.001527,0.000219,0.001170,0.000784
0.000055,0.945090,0.042648,0.011621,0.000000,0.000054,0.000213,0.000180,0.000139
0.000052,0.607535,0.372134,0.018632,0.000000,0.000051,0.000837,0.000760,0.000000
0.000052,0.662753,0.243873,0.088174,0.000000,0.000056,0.004939,0.000153,0.000000
0.000156,0.972413,0.024504,0.000804,0.000033,0.001015,0.000137,0.000800,0.000139
0.002110,0.239050,0.406198,0.033106,0.000108,0.004485,0.311273,0.002155,0.001514
0.000120,0.908302,0.013109,0.077754,0.000000,0.000054,0.000213,0.000315,0.000133
0.002384,0.808271,0.162019,0.001355,0.007639,0.007521,0.006507,0.001459,0.002845
0.000053,0.999262,0.000000,0.000396,0.000000,0.000054,0.000084,0.000152,0.000000
0.000052,0.978992,0.017514,0.002942,0.000000,0.000054,0.000163,0.000152,0.000132
0.000255,0.949498,0.044793,0.001366,0.000000,0.000762,0.000137,0.000181,0.003008
0.000752,0.934936,0.047341,0.012126,0.000000,0.000442,0.001457,0.001182,0.001767
0.000336,0.691253,0.285283,0.018470,0.000033,0.000443,0.002923,0.000772,0.000488
0.000185,0.485320,0.459727,0.044777,0.000000,0.000422,0.009257,0.000180,0.000132
0.000150,0.951060,0.013334,0.035036,0.000000,0.000053,0.000215,0.000152,0.000000
0.007232,0.444692,0.431994,0.047145,0.000000,0.003977,0.063918,0.000551,0.000492
