0,1,2,3,4,5,6,7,8
0.484146,0.000681,0.000376,0.002010,0.000155,0.043363,0.010350,0.011101,0.447818
0.831996,0.000000,0.000129,0.000234,0.000000,0.005423,0.004762,0.006352,0.151104
0.233219,0.152117,0.098834,0.011975,0.000196,0.041945,0.041870,0.097517,0.322327
0.697494,0.002510,0.003664,0.010651,0.000000,0.225809,0.044541,0.011412,0.003919
0.360253,0.000000,0.000000,0.000201,0.000000,0.000132,0.000047,0.639020,0.000347
0.522871,0.000000,0.000000,0.000199,0.000000,0.004527,0.000905,0.002372,0.469126
0.867847,0.000000,0.000061,0.000271,0.000000,0.003005,0.004572,0.121306,0.002938
0.073051,0.000000,0.000505,0.000278,0.000035,0.133554,0.013081,0.762257,0.017240
0.770158,0.000260,0.000145,0.000499,0.000174,0.133666,0.045110,0.031585,0.018402
0.191247,0.001325,0.006269,0.001545,0.000034,0.018494,0.002098,0.011117,0.767871
0.479159,0.000188,0.000314,0.000220,0.000000,0.002129,0.000369,0.000764,0.516856
0.584193,0.000000,0.000350,0.000252,0.000031,0.009897,0.014634,0.028899,0.361742
0.645069,0.000228,0.000431,0.000254,0.000000,0.011280,0.028789,0.019856,0.294094
0.665816,0.000000,0.000136,0.000284,0.000000,0.009131,0.059488,0.259932,0.005213
0.246757,0.001391,0.002280,0.007945,0.000103,0.409551,0.024927,0.016355,0.290690
0.512053,0.000218,0.000469,0.000312,0.000000,0.015636,0.330066,0.138943,0.002302
0.252346,0.000000,0.000000,0.000220,0.000000,0.007184,0.000857,0.002079,0.737315
0.507577,0.000000,0.000960,0.000259,0.000000,0.032992,0.005568,0.112470,0.340174
0.024221,0.357737,0.287480,0.130514,0.000000,0.024877,0.042668,0.004416,0.128088
0.040752,0.004980,0.004800,0.034192,0.000028,0.863219,0.016194,0.030074,0.005761
0.569523,0.000000,0.000000,0.000699,0.000000,0.412943,0.011753,0.003002,0.002080
0.509394,0.000000,0.000105,0.000192,0.000017,0.003150,0.002024,0.002003,0.483114
0.147766,0.000000,0.000000,0.001823,0.014426,0.003988,0.108222,0.718348,0.005427
0.319669,0.000248,0.000401,0.000370,0.000089,0.008083,0.065168,0.602411,0.003560
0.024238,0.000000,0.000000,0.001376,0.000025,0.942209,0.012490,0.007841,0.011822
0.182289,0.007828,0.002973,0.002431,0.000212,0.018037,0.026022,0.688500,0.071708
0.386324,0.001191,0.001493,0.007249,0.000091,0.468860,0.042192,0.040457,0.052143
0.328514,0.002673,0.003761,0.002627,0.000043,0.221749,0.049668,0.076169,0.314796
0.965454,0.000498,0.001309,0.000435,0.000000,0.001743,0.004318,0.014459,0.011782
0.340165,0.006129,0.006825,0.003346,0.000044,0.218113,0.098519,0.188334,0.138523
0.180008,0.013369,0.009295,0.004289,0.000112,0.303633,0.101836,0.017785,0.369673
0.293855,0.000000,0.000129,0.000226,0.000033,0.018721,0.009732,0.672171,0.005133
0.465818,0.000500,0.000446,0.000391,0.000008,0.002379,0.002856,0.006045,0.521557
0.957174,0.000000,0.000000,0.000274,0.000000,0.026669,0.003067,0.010262,0.002554
0.251188,0.000000,0.000131,0.000237,0.000020,0.018283,0.008736,0.713527,0.007879
0.009987,0.000000,0.000000,0.004560,0.000000,0.980959,0.003608,0.000587,0.000299
0.272993,0.000000,0.000131,0.000561,0.000000,0.015887,0.070881,0.630802,0.008744
0.394921,0.001232,0.000063,0.000304,0.019196,0.047660,0.266843,0.240581,0.029201
0.216446,0.001222,0.000060,0.001464,0.000372,0.196296,0.013974,0.022369,0.547798
0.616728,0.000951,0.004503,0.000559,0.000019,0.006360,0.234145,0.133155,0.003580
0.103924,0.010448,0.010491,0.006758,0.000028,0.262838,0.153765,0.021744,0.430003
0.151934,0.000948,0.001984,0.002079,0.000000,0.098960,0.041916,0.689361,0.012816
0.474194,0.000261,0.001230,0.000341,0.000000,0.021729,0.098614,0.401385,0.002246
0.942257,0.006690,0.002729,0.002630,0.000105,0.006406,0.006212,0.015878,0.017092
0.126128,0.023444,0.009987,0.007069,0.399041,0.027378,0.059547,0.027364,0.320042
0.148849,0.000000,0.000000,0.000260,0.000000,0.038651,0.002296,0.734048,0.075896
0.779058,0.117914,0.038177,0.016541,0.000418,0.018879,0.011630,0.012151,0.005233
0.553775,0.000000,0.000423,0.000344,0.000020,0.027194,0.348540,0.057293,0.012411
0.705408,0.000469,0.000472,0.000257,0.000021,0.016114,0.190228,0.039718,0.047312
0.246048,0.001286,0.002633,0.000855,0.000034,0.005966,0.025777,0.703941,0.013459
0.007127,0.000000,0.000000,0.001715,0.000000,0.983387,0.003360,0.003502,0.000909
0.311754,0.003320,0.010196,0.000832,0.000000,0.067527,0.407066,0.187236,0.012069
0.620906,0.000240,0.000877,0.000993,0.000032,0.041065,0.008609,0.052836,0.274441
0.904768,0.000263,0.000564,0.000578,0.000000,0.008458,0.016808,0.009155,0.059405
0.439988,0.003564,0.002455,0.000498,0.000130,0.064033,0.030488,0.369059,0.089785
0.045468,0.000500,0.001758,0.002460,0.000025,0.030291,0.002527,0.003891,0.913080
0.070825,0.001735,0.001921,0.000938,0.000000,0.010368,0.033125,0.875454,0.005634
0.973530,0.000495,0.000335,0.000261,0.000035,0.005086,0.002048,0.006112,0.012099
0.802646,0.020706,0.022317,0.010836,0.000117,0.042289,0.037910,0.036935,0.026243
0.200189,0.000780,0.002328,0.000389,0.000022,0.143225,0.586389,0.056050,0.010628
0.070369,0.004915,0.001401,0.012740,0.000039,0.103607,0.015944,0.007709,0.783277
0.249768,0.000404,0.001154,0.003072,0.000192,0.379899,0.029408,0.269822,0.066282
0.421091,0.000933,0.002451,0.001128,0.000020,0.036783,0.005711,0.002770,0.529113
0.091322,0.000486,0.001752,0.000576,0.000034,0.018860,0.785374,0.097422,0.004175
0.705054,0.000239,0.000496,0.000277,0.000024,0.005175,0.037623,0.242335,0.008778
0.295662,0.001128,0.000492,0.000673,0.000000,0.013125,0.004485,0.451905,0.232530
0.117650,0.000479,0.001334,0.008915,0.000000,0.690842,0.018917,0.004589,0.157274
0.358470,0.046657,0.025228,0.020075,0.000175,0.183365,0.064031,0.228733,0.073267
0.477780,0.019415,0.007849,0.006522,0.000415,0.211563,0.104404,0.164603,0.007449
0.697454,0.001395,0.000912,0.000536,0.000195,0.023239,0.065823,0.181153,0.029292
0.215895,0.007868,0.010525,0.016469,0.000045,0.154055,0.046663,0.016227,0.532253
0.027870,0.000000,0.000000,0.000476,0.000000,0.959961,0.005886,0.002063,0.003743
0.112645,0.000000,0.000058,0.000256,0.000019,0.009297,0.004620,0.356733,0.516371
0.117841,0.150883,0.077950,0.030593,0.001504,0.146885,0.303118,0.127498,0.043728
0.019292,0.000000,0.000000,0.000277,0.000000,0.002321,0.000820,0.966002,0.011288
0.309097,0.004858,0.014444,0.008090,0.000112,0.003204,0.029589,0.035244,0.595362
0.923208,0.000000,0.000063,0.000258,0.000000,0.002470,0.005355,0.002400,0.066247
0.212660,0.000269,0.000454,0.000392,0.000000,0.001467,0.000876,0.001426,0.782456
0.294474,0.000000,0.000000,0.000209,0.000000,0.004192,0.090707,0.608381,0.002037
0.309365,0.011486,0.000561,0.000378,0.002062,0.251456,0.051005,0.370343,0.003344
0.274201,0.000261,0.000150,0.000558,0.000107,0.044582,0.004184,0.208609,0.467349
0.974010,0.000500,0.001067,0.000641,0.000024,0.002655,0.004163,0.007961,0.008980
0.697103,0.024690,0.007161,0.002696,0.000034,0.062101,0.018126,0.005977,0.182111
0.295750,0.047951,0.013414,0.050248,0.000034,0.290216,0.114454,0.165685,0.022248
0.100286,0.000318,0.000939,0.001412,0.000000,0.130020,0.126697,0.631073,0.009255
0.241639,0.001571,0.000000,0.000242,0.000000,0.019115,0.013500,0.713280,0.010652
0.342364,0.000275,0.001575,0.000320,0.000018,0.006583,0.060271,0.583485,0.005108
0.347755,0.000227,0.000446,0.001260,0.000000,0.057947,0.004872,0.005046,0.582446
0.262921,0.102851,0.144094,0.051725,0.000062,0.098920,0.070407,0.190189,0.078831
0.543532,0.000503,0.002100,0.002977,0.000566,0.127716,0.169043,0.148494,0.005070
0.380552,0.072480,0.029770,0.010886,0.001459,0.062284,0.071539,0.177101,0.193930
0.301280,0.038860,0.018772,0.007722,0.022552,0.025393,0.487532,0.035002,0.062886
0.007270,0.140168,0.047059,0.142556,0.000146,0.541227,0.025050,0.019123,0.077401
0.226112,0.071829,0.050239,0.106171,0.000168,0.369822,0.066709,0.090257,0.018693
0.014465,0.504828,0.432784,0.032608,0.000000,0.000650,0.013371,0.000716,0.000578
0.521778,0.000000,0.000059,0.000260,0.000093,0.201603,0.011337,0.242481,0.022388
0.078707,0.000284,0.001168,0.000433,0.000000,0.048781,0.068357,0.792803,0.009467
0.600730,0.003795,0.005610,0.002715,0.000423,0.115221,0.107117,0.035341,0.129048
0.497139,0.000000,0.000046,0.000311,0.000072,0.028579,0.001736,0.003047,0.469069
0.272833,0.006524,0.012522,0.003883,0.000124,0.064211,0.540707,0.052929,0.046267
0.750655,0.001348,0.004324,0.000419,0.000024,0.006939,0.102539,0.129629,0.004123
0.354180,0.103511,0.031444,0.011840,0.000159,0.047900,0.056128,0.156820,0.238017
0.039123,0.000806,0.001685,0.000790,0.000000,0.003771,0.013600,0.931931,0.008294
0.044102,0.000293,0.000765,0.008553,0.000024,0.920838,0.018386,0.001687,0.005353
0.627591,0.000223,0.001845,0.000415,0.000000,0.019371,0.065552,0.230629,0.054374
0.215295,0.000509,0.003227,0.004715,0.000044,0.339713,0.057287,0.303220,0.075990
0.279332,0.000000,0.001970,0.000211,0.000000,0.005240,0.028233,0.682945,0.002069
0.249262,0.001412,0.005371,0.000311,0.000106,0.027804,0.013655,0.191937,0.510142
0.605701,0.002312,0.001146,0.001054,0.000032,0.005346,0.012029,0.010831,0.361549
0.650442,0.001930,0.000136,0.001444,0.000853,0.016447,0.224832,0.075163,0.028753
0.268451,0.000000,0.000411,0.000592,0.000074,0.022806,0.003912,0.394049,0.309705
0.752317,0.000251,0.002129,0.000433,0.000000,0.027261,0.082186,0.123337,0.012088
0.612606,0.003000,0.002519,0.001404,0.000000,0.066947,0.238257,0.055562,0.019705
0.152321,0.000000,0.000000,0.000260,0.000000,0.001002,0.000374,0.001797,0.844246
0.199866,0.190049,0.121074,0.022331,0.000341,0.071183,0.243415,0.074786,0.076956
0.501850,0.011300,0.000900,0.000534,0.010999,0.003600,0.375811,0.094695,0.000310
0.846175,0.000247,0.000769,0.000394,0.000023,0.004132,0.032120,0.113361,0.002779
0.145774,0.008243,0.010450,0.023207,0.000212,0.476953,0.284762,0.039844,0.010555
0.080913,0.000256,0.000139,0.000267,0.000000,0.016055,0.148149,0.752124,0.002097
0.437980,0.000244,0.001082,0.000218,0.000081,0.002961,0.015755,0.533796,0.007884
0.534027,0.000000,0.000365,0.000208,0.000019,0.001268,0.033701,0.427461,0.002952
0.395407,0.000000,0.000000,0.000192,0.000000,0.003949,0.000045,0.000231,0.600176
0.441247,0.024463,0.021454,0.001409,0.000189,0.019257,0.049482,0.027120,0.415380
0.201259,0.002286,0.006297,0.003034,0.000000,0.123363,0.597082,0.014935,0.051744
0.203395,0.000750,0.001253,0.000253,0.000000,0.018042,0.035396,0.737347,0.003564
0.411610,0.091269,0.038383,0.083031,0.001386,0.128947,0.071824,0.041788,0.131764
0.013591,0.000290,0.000000,0.000309,0.000000,0.000518,0.000279,0.000298,0.984715
0.187233,0.001196,0.001957,0.008629,0.000025,0.372682,0.033769,0.032381,0.362128
0.628761,0.133815,0.009426,0.001796,0.012868,0.023322,0.130164,0.016122,0.043725
0.043924,0.013733,0.015345,0.004167,0.000042,0.048075,0.153689,0.642512,0.078514
0.283383,0.000231,0.001820,0.000315,0.000000,0.006121,0.023785,0.683691,0.000655
0.949324,0.002079,0.000143,0.000494,0.000106,0.005537,0.004231,0.022704,0.015383
0.017069,0.000000,0.000065,0.000281,0.000000,0.005503,0.016412,0.955498,0.005172
0.760840,0.000243,0.002896,0.000299,0.000024,0.007264,0.112917,0.110098,0.005420
0.014363,0.000298,0.000085,0.000279,0.000000,0.000489,0.000286,0.003671,0.980529
0.412769,0.000000,0.000000,0.000326,0.000000,0.003637,0.029730,0.541581,0.011957
0.584481,0.002162,0.000759,0.008367,0.000093,0.332249,0.012104,0.008660,0.051125
0.941417,0.002463,0.003982,0.001577,0.000107,0.005265,0.002484,0.038414,0.004289
0.210076,0.026126,0.001439,0.000693,0.000000,0.001929,0.001227,0.000508,0.758002
0.512480,0.001899,0.003869,0.002787,0.000012,0.334689,0.038378,0.042177,0.063709
0.602930,0.000000,0.000067,0.000318,0.000020,0.000823,0.000672,0.001705,0.393465
0.829886,0.000262,0.000542,0.000451,0.000188,0.037611,0.062334,0.052698,0.016028
0.876655,0.066391,0.003539,0.000686,0.009512,0.011668,0.015424,0.002603,0.013521
0.576084,0.003114,0.005596,0.003102,0.000118,0.071761,0.160567,0.173206,0.006453
0.766719,0.016825,0.002720,0.001911,0.124176,0.008146,0.021261,0.004673,0.053570
0.693510,0.000914,0.000539,0.001896,0.000036,0.083244,0.023349,0.144412,0.052100
0.561054,0.000193,0.001309,0.002093,0.000030,0.004306,0.019423,0.024277,0.387315
0.817135,0.013931,0.003660,0.001885,0.000929,0.015322,0.014025,0.017958,0.115155
0.063653,0.002233,0.002233,0.001675,0.000000,0.005419,0.006281,0.001945,0.916560
0.782628,0.001458,0.004438,0.004523,0.000024,0.105656,0.040585,0.046193,0.014495
0.328764,0.012137,0.012124,0.004387,0.000026,0.070879,0.192732,0.364847,0.014104
0.026093,0.001412,0.001383,0.002536,0.000411,0.045636,0.015273,0.139919,0.767337
0.146890,0.005587,0.021009,0.002291,0.000000,0.070185,0.232841,0.513731,0.007465
0.534049,0.000249,0.001153,0.002832,0.000021,0.330801,0.031546,0.048159,0.051189
0.622924,0.000217,0.000487,0.000411,0.000543,0.007503,0.034190,0.036666,0.297059
0.581694,0.000586,0.001284,0.000994,0.000000,0.061810,0.046107,0.217342,0.090182
0.583135,0.000237,0.000138,0.000402,0.000099,0.005595,0.007731,0.202935,0.199727
0.643398,0.000000,0.000046,0.000222,0.000000,0.000162,0.000480,0.015982,0.339709
0.403191,0.112423,0.017851,0.010457,0.000134,0.020389,0.034606,0.005613,0.395336
0.189538,0.003535,0.007232,0.005643,0.000023,0.145518,0.528295,0.059041,0.061177
0.746388,0.000259,0.000146,0.000306,0.000025,0.033944,0.053952,0.108868,0.056112
0.686705,0.001009,0.000000,0.001017,0.000000,0.250810,0.036111,0.017827,0.006521
0.671243,0.000441,0.002365,0.000354,0.000021,0.057617,0.192998,0.064100,0.010861
0.283786,0.003091,0.002840,0.000741,0.000033,0.019166,0.043038,0.277274,0.370031
0.643153,0.000000,0.000152,0.000422,0.000320,0.070524,0.021686,0.062649,0.201093
0.955521,0.000271,0.000590,0.000292,0.000666,0.004590,0.009221,0.014029,0.014821
0.764783,0.003128,0.009189,0.002945,0.000038,0.061756,0.039957,0.061976,0.056228
0.081236,0.145510,0.025835,0.107562,0.000251,0.416888,0.175849,0.038866,0.008003
0.657836,0.002011,0.003887,0.001054,0.000025,0.013284,0.036928,0.236406,0.048570
0.547954,0.003328,0.000910,0.000353,0.000019,0.007299,0.007055,0.001522,0.431559
0.059919,0.054676,0.028776,0.003162,0.000127,0.017607,0.017688,0.043498,0.774548
0.675728,0.000000,0.000343,0.000253,0.000000,0.005445,0.003087,0.013647,0.301498
0.634427,0.000234,0.000458,0.000536,0.000099,0.129137,0.044200,0.184082,0.006828
0.285368,0.000249,0.000426,0.000416,0.000034,0.036730,0.019198,0.055982,0.601598
0.831047,0.000500,0.000859,0.001301,0.000000,0.007946,0.021275,0.018543,0.118529
0.475351,0.000291,0.000116,0.006744,0.000009,0.282706,0.011628,0.005784,0.217371
0.467230,0.000737,0.000515,0.000527,0.000308,0.027576,0.039107,0.456789,0.007213
0.156046,0.012124,0.015593,0.010864,0.000159,0.255086,0.309788,0.097076,0.143263
0.533208,0.000000,0.000050,0.000199,0.000000,0.009798,0.023180,0.013797,0.419767
0.558246,0.000535,0.000942,0.000250,0.000732,0.191303,0.208884,0.026319,0.012791
0.724979,0.003948,0.001934,0.001322,0.000900,0.137337,0.029539,0.077013,0.023028
0.974060,0.000000,0.000000,0.000269,0.000000,0.001308,0.000612,0.004375,0.019376
0.438847,0.000000,0.000145,0.000244,0.000000,0.007235,0.002528,0.294028,0.256973
0.275561,0.000259,0.000622,0.000974,0.000024,0.167694,0.044999,0.491717,0.018149
0.237254,0.022949,0.004308,0.010315,0.000123,0.113274,0.027457,0.022427,0.561894
0.013280,0.000000,0.000365,0.000414,0.000000,0.021604,0.001779,0.952559,0.009999
0.044286,0.000000,0.000147,0.000683,0.000113,0.028024,0.021760,0.797694,0.107294
0.324829,0.292951,0.116291,0.004646,0.000135,0.018749,0.186414,0.015413,0.040574
0.000222,0.952309,0.043158,0.003610,0.000000,0.000111,0.000303,0.000259,0.000029
0.000296,0.664845,0.326123,0.000292,0.000000,0.000739,0.005642,0.002036,0.000027
0.003475,0.851990,0.116029,0.019636,0.000038,0.000798,0.003206,0.002018,0.002810
0.000243,0.908896,0.036028,0.054408,0.000000,0.000110,0.000063,0.000224,0.000028
0.001846,0.079152,0.092315,0.008505,0.000023,0.005948,0.809479,0.002222,0.000509
0.002890,0.840667,0.124721,0.018522,0.000000,0.001705,0.009379,0.000833,0.001282
0.000218,0.954147,0.036965,0.007037,0.000026,0.000134,0.000800,0.000328,0.000345
0.004450,0.518445,0.315778,0.150320,0.000024,0.004695,0.004029,0.001483,0.000776
0.000100,0.539317,0.375023,0.079278,0.000000,0.001512,0.004144,0.000598,0.000029
0.000317,0.957172,0.022724,0.015161,0.000000,0.000238,0.001832,0.000385,0.002173
0.000008,0.799727,0.197885,0.000283,0.000000,0.001058,0.000525,0.000487,0.000026
0.000216,0.997871,0.000944,0.000421,0.000025,0.000135,0.000063,0.000298,0.000028
0.001310,0.176123,0.648801,0.031490,0.000000,0.003937,0.108446,0.029662,0.000232
0.000607,0.832384,0.140035,0.024478,0.000025,0.000117,0.001772,0.000403,0.000180
0.000007,0.667555,0.329984,0.000495,0.000865,0.000181,0.000583,0.000302,0.000027
0.001444,0.874122,0.097665,0.007553,0.007291,0.002500,0.003366,0.001816,0.004244
0.000223,0.980857,0.012794,0.003868,0.000037,0.000233,0.000810,0.001148,0.000029
0.000259,0.749380,0.243650,0.003607,0.000000,0.000479,0.001303,0.000799,0.000523
0.002527,0.473022,0.388187,0.066485,0.000118,0.000367,0.068348,0.000344,0.000603
0.000008,0.986272,0.011450,0.001030,0.000000,0.000197,0.000276,0.000585,0.000181
0.003335,0.758893,0.221312,0.002193,0.000038,0.006299,0.003821,0.002170,0.001940
0.000272,0.490286,0.315972,0.183830,0.000038,0.003931,0.003963,0.001558,0.000150
0.010462,0.814015,0.071143,0.010785,0.000127,0.000991,0.084561,0.001941,0.005974
0.000312,0.568596,0.360795,0.029786,0.000024,0.000524,0.039341,0.000594,0.000028
0.000008,0.508755,0.482374,0.000433,0.000110,0.002319,0.004417,0.001557,0.000027
0.000210,0.721103,0.254166,0.009649,0.000000,0.001144,0.004198,0.006732,0.002796
0.000214,0.992851,0.000152,0.006059,0.000000,0.000196,0.000275,0.000225,0.000028
0.000008,0.986037,0.012693,0.000751,0.000000,0.000169,0.000063,0.000251,0.000028
0.000008,0.999296,0.000000,0.000275,0.000000,0.000109,0.000062,0.000223,0.000028
0.000320,0.502629,0.398500,0.086898,0.000117,0.001924,0.004349,0.001834,0.003428
0.000183,0.994903,0.003259,0.001043,0.000000,0.000195,0.000063,0.000326,0.000028
0.000261,0.722168,0.257610,0.018379,0.000000,0.000157,0.000793,0.000306,0.000326
0.003614,0.377624,0.090237,0.039394,0.000028,0.476520,0.004796,0.002349,0.005437
0.000008,0.414290,0.495855,0.081981,0.000000,0.000912,0.006043,0.000731,0.000180
0.000041,0.518813,0.423342,0.051124,0.000000,0.000136,0.006219,0.000297,0.000027
0.000009,0.408343,0.538078,0.050839,0.000000,0.000187,0.002072,0.000287,0.000185
0.003246,0.913506,0.064508,0.008123,0.000727,0.001901,0.003610,0.001545,0.002835
0.000214,0.728710,0.238327,0.027144,0.000160,0.001310,0.001279,0.000862,0.001994
0.000043,0.890754,0.087484,0.021005,0.000000,0.000234,0.000064,0.000234,0.000183
0.001547,0.848213,0.128788,0.012443,0.000000,0.000938,0.001032,0.000974,0.006065
0.001223,0.795245,0.156155,0.045552,0.000000,0.000197,0.000646,0.000258,0.000725
0.000244,0.953095,0.035035,0.010956,0.000000,0.000110,0.000279,0.000254,0.000028
0.000963,0.833014,0.155793,0.006227,0.000000,0.001821,0.000620,0.001175,0.000387
0.000037,0.469140,0.528637,0.000249,0.000171,0.000205,0.000258,0.001278,0.000026
0.000244,0.896015,0.082017,0.020088,0.000000,0.000202,0.001156,0.000252,0.000027
0.000308,0.515628,0.269047,0.009423,0.195886,0.002750,0.005846,0.000718,0.000395
0.000184,0.992948,0.004225,0.001481,0.000036,0.000136,0.000511,0.000299,0.000179
0.000271,0.378031,0.389466,0.227619,0.000026,0.002526,0.001042,0.000576,0.000443
0.002729,0.984776,0.003038,0.002831,0.000193,0.000921,0.002297,0.000450,0.002766
0.000008,0.986252,0.012594,0.000653,0.000000,0.000109,0.000063,0.000294,0.000028
0.000008,0.364411,0.599889,0.034526,0.000000,0.000103,0.000811,0.000223,0.000028
0.005617,0.593294,0.316271,0.041948,0.000137,0.011037,0.010795,0.015302,0.005599
0.000263,0.588589,0.362541,0.031886,0.000000,0.000106,0.016374,0.000216,0.000026
0.000639,0.627643,0.343340,0.021626,0.000000,0.001824,0.002615,0.001417,0.000896
0.002091,0.067516,0.237147,0.015082,0.000103,0.011463,0.663148,0.002761,0.000690
0.002625,0.509270,0.446637,0.034874,0.000036,0.000492,0.003907,0.000785,0.001374
0.005511,0.468851,0.377078,0.118105,0.000027,0.002955,0.022360,0.002938,0.002176
0.000009,0.089775,0.908979,0.000299,0.000000,0.000188,0.000063,0.000660,0.000027
0.018349,0.105160,0.055817,0.038695,0.000044,0.052260,0.032399,0.009124,0.688152
0.000301,0.686626,0.017990,0.290904,0.000000,0.000863,0.002363,0.000387,0.000566
0.000247,0.687129,0.291717,0.015329,0.000035,0.000758,0.002595,0.001894,0.000296
0.000009,0.934596,0.054015,0.010948,0.000000,0.000114,0.000063,0.000227,0.000028
0.009625,0.907314,0.033987,0.005354,0.001106,0.023842,0.010253,0.002837,0.005682
0.000306,0.689780,0.269210,0.036545,0.000000,0.000502,0.003026,0.000324,0.000306
0.000253,0.894056,0.100146,0.000900,0.000012,0.000527,0.002788,0.001040,0.000278
0.003428,0.804627,0.122832,0.028833,0.001077,0.007190,0.023052,0.004182,0.004780
0.000068,0.880239,0.090509,0.027199,0.000114,0.000115,0.001495,0.000232,0.000028
0.004780,0.198475,0.480639,0.049457,0.000023,0.005535,0.254482,0.002022,0.004588
0.000183,0.993579,0.005290,0.000452,0.000000,0.000109,0.000063,0.000296,0.000028
0.031113,0.404359,0.216538,0.013453,0.000051,0.049731,0.123894,0.032407,0.128454
0.002332,0.679256,0.273354,0.042203,0.000000,0.000105,0.002505,0.000219,0.000027
0.001129,0.957115,0.032635,0.005952,0.000196,0.000950,0.000067,0.000885,0.001070
0.000277,0.874708,0.118647,0.005602,0.000000,0.000113,0.000397,0.000226,0.000029
0.000215,0.530040,0.435090,0.029158,0.000000,0.000229,0.003740,0.000616,0.000913
0.000966,0.599335,0.366411,0.027471,0.000732,0.001173,0.001595,0.001002,0.001313
0.000175,0.693980,0.263124,0.038884,0.000000,0.000193,0.003047,0.000571,0.000027
0.001049,0.621266,0.326544,0.041992,0.000126,0.002743,0.003300,0.002531,0.000451
0.000008,0.399703,0.597591,0.002096,0.000000,0.000099,0.000265,0.000213,0.000027
0.000668,0.895084,0.021289,0.081948,0.000012,0.000169,0.000407,0.000228,0.000197
0.000215,0.985484,0.011673,0.002203,0.000000,0.000111,0.000063,0.000224,0.000028
0.000311,0.867013,0.115309,0.010495,0.000000,0.000501,0.003977,0.000234,0.002161
0.000073,0.925206,0.053223,0.020688,0.000037,0.000170,0.000280,0.000295,0.000028
0.000306,0.836751,0.143201,0.016343,0.000000,0.000613,0.001018,0.000903,0.000866
0.000254,0.576559,0.410188,0.012149,0.000000,0.000102,0.000514,0.000208,0.000025
0.000008,0.954323,0.034128,0.011011,0.000011,0.000171,0.000064,0.000254,0.000028
0.000180,0.785743,0.115490,0.098172,0.000000,0.000110,0.000061,0.000218,0.000028
0.001685,0.666982,0.289256,0.008097,0.000040,0.003751,0.014026,0.003005,0.013159
0.000218,0.855002,0.132872,0.010914,0.000000,0.000172,0.000416,0.000227,0.000179
0.001221,0.718066,0.248958,0.015749,0.000000,0.000987,0.011241,0.001713,0.002065
0.001353,0.728862,0.230010,0.030484,0.000012,0.001773,0.002658,0.002027,0.002821
0.000008,0.997126,0.001263,0.000307,0.000000,0.000135,0.000764,0.000370,0.000028
0.000035,0.466413,0.097854,0.429277,0.000031,0.001021,0.004407,0.000480,0.000482
0.002101,0.902511,0.001431,0.008128,0.000013,0.000214,0.000062,0.085512,0.000027
0.002498,0.858196,0.097988,0.019473,0.011642,0.000863,0.005309,0.000446,0.003584
0.000008,0.578476,0.383485,0.033235,0.000000,0.000354,0.004090,0.000325,0.000028
0.000008,0.843132,0.148111,0.008321,0.000000,0.000114,0.000062,0.000224,0.000028
0.000307,0.723181,0.261005,0.004660,0.000198,0.001139,0.004045,0.002721,0.002745
0.000224,0.863810,0.023767,0.110135,0.000038,0.000363,0.001323,0.000311,0.000029
0.000280,0.217077,0.757738,0.019349,0.000000,0.000466,0.004673,0.000391,0.000027
0.000008,0.992713,0.006229,0.000627,0.000000,0.000109,0.000063,0.000223,0.000028
0.000214,0.760525,0.164543,0.072796,0.000194,0.000228,0.000818,0.000226,0.000456
0.000066,0.513259,0.421575,0.062690,0.000024,0.000127,0.002013,0.000219,0.000027
0.000216,0.990735,0.007831,0.000445,0.000000,0.000172,0.000318,0.000255,0.000028
0.035014,0.531803,0.123008,0.195857,0.000446,0.005916,0.023619,0.010699,0.073637
0.000008,0.473698,0.513486,0.011950,0.000000,0.000102,0.000521,0.000210,0.000026
0.000008,0.650995,0.321674,0.026925,0.000000,0.000095,0.000063,0.000212,0.000028
0.000788,0.689713,0.296877,0.000976,0.000012,0.001818,0.007325,0.001368,0.001124
0.000309,0.689100,0.278018,0.026891,0.000038,0.002786,0.000952,0.000838,0.001067
0.000620,0.669478,0.314772,0.009040,0.000000,0.000758,0.004424,0.000433,0.000475
0.000247,0.946530,0.051471,0.000469,0.000026,0.000197,0.000646,0.000225,0.000188
0.000284,0.701046,0.206419,0.088978,0.000012,0.001137,0.001161,0.000636,0.000328
0.000178,0.612020,0.279942,0.107095,0.000024,0.000106,0.000387,0.000221,0.000027
0.001305,0.779631,0.189866,0.025287,0.000000,0.000226,0.002865,0.000548,0.000273
0.000186,0.952544,0.015966,0.030588,0.000000,0.000175,0.000283,0.000229,0.000028
0.000320,0.158870,0.834061,0.000288,0.000000,0.000951,0.002221,0.002956,0.000333
0.000036,0.431898,0.566722,0.000278,0.000106,0.000374,0.000260,0.000299,0.000026
0.000253,0.818447,0.162589,0.013190,0.000012,0.000198,0.003472,0.001603,0.000236
0.000206,0.436743,0.543463,0.015290,0.000000,0.000188,0.003526,0.000306,0.000278
0.000311,0.969127,0.022026,0.004028,0.000027,0.000503,0.002764,0.000256,0.000958
0.000284,0.966325,0.026191,0.000305,0.000039,0.000205,0.004629,0.001666,0.000357
0.000008,0.997691,0.001576,0.000289,0.000012,0.000109,0.000063,0.000224,0.000028
0.000172,0.664892,0.315071,0.018243,0.000000,0.000122,0.001240,0.000234,0.000026
0.000222,0.485556,0.328557,0.181381,0.000026,0.000160,0.003687,0.000222,0.000189
0.000213,0.163266,0.833202,0.000285,0.000000,0.000620,0.000652,0.001735,0.000027
0.000008,0.995146,0.003364,0.000820,0.000025,0.000171,0.000063,0.000224,0.000179
0.000076,0.935778,0.039208,0.024040,0.000026,0.000116,0.000062,0.000667,0.000028
0.009568,0.350502,0.036867,0.013220,0.000260,0.014250,0.038716,0.520936,0.015680
0.000040,0.417926,0.313115,0.267024,0.000000,0.000097,0.001569,0.000204,0.000026
0.000641,0.943006,0.035095,0.016582,0.000026,0.000236,0.003715,0.000382,0.000316
0.008117,0.167100,0.430582,0.283746,0.000050,0.028533,0.065031,0.011002,0.005839
0.000010,0.353944,0.375419,0.266007,0.000355,0.000189,0.003812,0.000236,0.000029
0.000294,0.712371,0.273288,0.011233,0.000108,0.000733,0.000267,0.000514,0.001193
0.003378,0.946139,0.023401,0.011089,0.000029,0.001947,0.000864,0.003770,0.009384
0.000008,0.999296,0.000000,0.000275,0.000000,0.000109,0.000062,0.000223,0.000028
0.005465,0.105602,0.012082,0.228823,0.000188,0.029894,0.004192,0.003159,0.610594
0.001677,0.952301,0.032943,0.008038,0.000114,0.000196,0.003425,0.000451,0.000855
0.000102,0.847682,0.114062,0.032922,0.000076,0.000495,0.003694,0.000406,0.000562
0.028250,0.468027,0.047937,0.009245,0.377545,0.012801,0.039397,0.006644,0.010154
0.000200,0.451535,0.547078,0.000257,0.000111,0.000186,0.000060,0.000546,0.000026
0.000590,0.851295,0.001502,0.000681,0.000012,0.000476,0.000408,0.001412,0.143624
0.011013,0.925890,0.022146,0.009262,0.001159,0.010221,0.002530,0.004703,0.013077
0.000218,0.942153,0.046804,0.009662,0.000000,0.000204,0.000672,0.000259,0.000028
0.002061,0.924760,0.048580,0.007577,0.000026,0.001757,0.000312,0.002230,0.012697
0.009797,0.509909,0.003059,0.000871,0.000171,0.003996,0.001030,0.001512,0.469656
0.000077,0.823894,0.114023,0.054424,0.000116,0.003659,0.000697,0.001363,0.001747
0.010129,0.967130,0.011277,0.000324,0.000027,0.001915,0.002624,0.001193,0.005380
0.000008,0.773789,0.225053,0.000769,0.000000,0.000095,0.000058,0.000202,0.000026
0.000008,0.868213,0.131086,0.000265,0.000000,0.000106,0.000059,0.000239,0.000026
0.002513,0.935108,0.023629,0.029981,0.000432,0.001761,0.002369,0.002080,0.002126
0.000323,0.362763,0.615382,0.001055,0.000000,0.005827,0.009593,0.004732,0.000326
0.000236,0.880374,0.113824,0.004648,0.000109,0.000194,0.000270,0.000317,0.000027
0.000163,0.764234,0.234086,0.000796,0.000000,0.000114,0.000369,0.000213,0.000025
0.002016,0.761440,0.218351,0.011213,0.000167,0.000918,0.003368,0.002180,0.000347
0.000183,0.997479,0.000522,0.001366,0.000025,0.000110,0.000063,0.000224,0.000028
0.000008,0.999265,0.000000,0.000305,0.000000,0.000109,0.000062,0.000223,0.000028
0.000008,0.984710,0.006915,0.007694,0.000000,0.000108,0.000315,0.000222,0.000028
0.000009,0.612325,0.349759,0.034369,0.000111,0.000107,0.003074,0.000220,0.000027
0.000043,0.964628,0.030813,0.001511,0.000166,0.000471,0.002039,0.000301,0.000028
0.000301,0.437481,0.490831,0.066489,0.000000,0.000103,0.004214,0.000394,0.000186
0.000009,0.593201,0.335054,0.067639,0.000000,0.000129,0.003717,0.000223,0.000029
0.000008,0.995252,0.002725,0.001237,0.000000,0.000109,0.000063,0.000577,0.000028
0.000274,0.835445,0.138068,0.024762,0.000012,0.000227,0.000811,0.000372,0.000029
0.000276,0.983368,0.007590,0.007997,0.000025,0.000200,0.000063,0.000303,0.000180
0.000199,0.626873,0.365271,0.007203,0.000000,0.000160,0.000060,0.000208,0.000026
0.000230,0.120220,0.876104,0.000281,0.000000,0.000231,0.000865,0.002039,0.000030
0.000008,0.996144,0.000152,0.003272,0.000000,0.000109,0.000063,0.000224,0.000028
0.003087,0.913560,0.046888,0.004114,0.000040,0.000532,0.025954,0.001071,0.004753
0.005463,0.814591,0.057854,0.078435,0.000031,0.028351,0.005870,0.003360,0.006046
0.000255,0.956788,0.027971,0.009722,0.000000,0.000633,0.003817,0.000532,0.000281
0.000498,0.952750,0.036257,0.009369,0.000000,0.000143,0.000283,0.000262,0.000439
0.000041,0.993635,0.003373,0.002494,0.000000,0.000111,0.000063,0.000255,0.000028
0.007100,0.176329,0.757148,0.000867,0.000132,0.005913,0.043507,0.003889,0.005115
0.000009,0.504325,0.271445,0.221567,0.000000,0.000287,0.000529,0.000218,0.001621
0.000644,0.324209,0.633065,0.039256,0.000000,0.000789,0.001390,0.000309,0.000338
0.008145,0.943185,0.033392,0.001262,0.000000,0.002589,0.004084,0.003919,0.003423
0.000253,0.940317,0.034620,0.021338,0.000012,0.000530,0.000714,0.001312,0.000904
0.000316,0.944769,0.016319,0.034431,0.000039,0.001527,0.001402,0.000412,0.000786
0.000287,0.872332,0.110227,0.012554,0.000000,0.000789,0.000551,0.000458,0.002801
0.005748,0.333989,0.545160,0.051652,0.000776,0.003337,0.048556,0.004389,0.006393
0.000008,0.822275,0.173074,0.003529,0.000000,0.000198,0.000290,0.000597,0.000028
0.000040,0.725473,0.201819,0.070250,0.000036,0.000456,0.001510,0.000299,0.000117
0.000304,0.903773,0.085265,0.008622,0.000000,0.000356,0.000930,0.000723,0.000028
0.000186,0.921231,0.062286,0.015389,0.000000,0.000114,0.000536,0.000229,0.000028
0.000632,0.700177,0.223589,0.046539,0.000217,0.023629,0.001240,0.002193,0.001785
0.017231,0.225168,0.395197,0.099554,0.000039,0.025876,0.181303,0.010021,0.045611
0.000225,0.615252,0.374882,0.007873,0.000000,0.000100,0.001434,0.000209,0.000026
0.000071,0.934377,0.057653,0.006793,0.000000,0.000446,0.000302,0.000328,0.000029
0.002492,0.350321,0.564985,0.028929,0.000038,0.003410,0.047903,0.000546,0.001374
0.000238,0.571869,0.400065,0.025904,0.000000,0.000487,0.000904,0.000385,0.000149
0.002157,0.613077,0.350499,0.029048,0.000012,0.000166,0.004713,0.000299,0.000028
0.000008,0.707731,0.281316,0.007472,0.000000,0.000123,0.003120,0.000205,0.000025
0.001938,0.537396,0.408749,0.048321,0.000000,0.000118,0.003222,0.000227,0.000027
0.000008,0.987451,0.007782,0.004119,0.000000,0.000110,0.000277,0.000224,0.000028
0.000008,0.904029,0.087048,0.008428,0.000000,0.000170,0.000064,0.000225,0.000029
0.000182,0.666289,0.305161,0.025704,0.000000,0.000109,0.002277,0.000251,0.000028
0.000007,0.521396,0.476629,0.001574,0.000000,0.000100,0.000059,0.000209,0.000026
0.001618,0.922341,0.059897,0.004731,0.000120,0.001526,0.001483,0.002050,0.006234
0.003585,0.292558,0.408246,0.070774,0.000000,0.003453,0.218437,0.001519,0.001427
0.003879,0.081199,0.342028,0.159544,0.000037,0.125106,0.283527,0.003159,0.001522
0.000008,0.833093,0.165357,0.001134,0.000000,0.000110,0.000059,0.000214,0.000026
0.000312,0.906906,0.085831,0.001466,0.000000,0.000904,0.004037,0.000517,0.000029
0.000190,0.988793,0.007669,0.001079,0.000914,0.000201,0.000570,0.000310,0.000274
0.000254,0.567618,0.272318,0.154011,0.000026,0.000935,0.001010,0.000450,0.003378
0.000586,0.787713,0.168896,0.032558,0.000025,0.005468,0.002298,0.001784,0.000673
0.000214,0.998217,0.000521,0.000624,0.000000,0.000110,0.000062,0.000225,0.000028
0.000250,0.900775,0.055186,0.042675,0.000037,0.000198,0.000402,0.000448,0.000028
0.000213,0.823125,0.032084,0.141797,0.000000,0.001843,0.000434,0.000325,0.000179
0.000008,0.999258,0.000000,0.000288,0.000025,0.000109,0.000062,0.000223,0.000028
0.000039,0.679068,0.302130,0.014158,0.000000,0.000462,0.003831,0.000286,0.000027
0.000220,0.959820,0.015710,0.023753,0.000000,0.000175,0.000064,0.000229,0.000029
0.000297,0.621801,0.026312,0.334778,0.000024,0.010515,0.002532,0.001709,0.002032
0.000952,0.960796,0.020188,0.017299,0.000000,0.000207,0.000292,0.000237,0.000029
0.000267,0.881067,0.114158,0.003797,0.000000,0.000168,0.000270,0.000246,0.000027
0.000177,0.714752,0.236510,0.047006,0.000000,0.000190,0.000968,0.000216,0.000181
0.000102,0.956926,0.019799,0.022057,0.000000,0.000173,0.000561,0.000232,0.000151
0.000307,0.994626,0.002952,0.000984,0.000000,0.000227,0.000278,0.000447,0.000179
0.000249,0.930907,0.064372,0.002959,0.000000,0.000727,0.000063,0.000300,0.000423
0.000008,0.129480,0.868943,0.000274,0.000000,0.000109,0.000786,0.000372,0.000029
0.000008,0.978497,0.020698,0.000275,0.000000,0.000109,0.000063,0.000321,0.000028
0.003414,0.787393,0.190896,0.001424,0.000000,0.002862,0.009619,0.001717,0.002675
0.002461,0.794025,0.143022,0.027822,0.000128,0.002336,0.021726,0.003975,0.004505
0.000009,0.936102,0.018313,0.045111,0.000000,0.000116,0.000063,0.000259,0.000028
0.000295,0.664852,0.324424,0.000659,0.000675,0.001625,0.004194,0.002876,0.000399
0.002165,0.462946,0.252746,0.013991,0.204439,0.000976,0.059123,0.002089,0.001524
0.000325,0.436018,0.466997,0.047730,0.000114,0.002136,0.045265,0.000470,0.000947
0.001653,0.573717,0.382717,0.035567,0.000000,0.000194,0.005903,0.000222,0.000028
0.001341,0.937258,0.048395,0.011198,0.000026,0.000761,0.000687,0.000306,0.000028
0.000272,0.882790,0.106752,0.008746,0.000025,0.000170,0.000894,0.000324,0.000028
0.001262,0.206985,0.471674,0.127097,0.000000,0.000920,0.191383,0.000652,0.000028
0.002169,0.623010,0.305143,0.042148,0.000041,0.003968,0.004317,0.001277,0.017927
0.000008,0.995179,0.000520,0.003870,0.000000,0.000109,0.000063,0.000223,0.000028
0.000314,0.756875,0.231588,0.007798,0.000025,0.000488,0.000291,0.001971,0.000652
0.000303,0.511780,0.412544,0.070301,0.000088,0.000628,0.003603,0.000725,0.000027
0.000297,0.455874,0.046987,0.478110,0.000009,0.013068,0.003141,0.001348,0.001167
0.000008,0.465156,0.438308,0.094577,0.000000,0.000101,0.001612,0.000213,0.000026
0.000041,0.998711,0.000521,0.000276,0.000000,0.000110,0.000062,0.000251,0.000028
0.000183,0.993076,0.005617,0.000696,0.000000,0.000111,0.000063,0.000227,0.000028
0.000266,0.631560,0.329843,0.033478,0.000000,0.000193,0.003918,0.000715,0.000027
0.000040,0.705016,0.260486,0.031651,0.000000,0.000194,0.002141,0.000294,0.000179
0.000216,0.994778,0.003286,0.001179,0.000025,0.000172,0.000063,0.000253,0.000028
0.009800,0.565023,0.130683,0.012692,0.000239,0.009082,0.005276,0.025166,0.242038
0.000270,0.506429,0.482550,0.001707,0.000000,0.003633,0.003596,0.001523,0.000291
0.000274,0.490695,0.415914,0.089092,0.000025,0.000765,0.002216,0.000990,0.000028
0.002885,0.869035,0.009446,0.004369,0.000000,0.010959,0.017155,0.075631,0.010520
0.012467,0.251072,0.256764,0.001351,0.000230,0.009322,0.361757,0.008935,0.098103
0.000330,0.842630,0.123849,0.020259,0.004371,0.001202,0.002397,0.001989,0.002974
0.000038,0.603455,0.395266,0.000281,0.000094,0.000213,0.000353,0.000276,0.000024
0.000068,0.444088,0.550475,0.000422,0.002401,0.000458,0.001427,0.000634,0.000029
0.000008,0.990677,0.007758,0.001042,0.000000,0.000170,0.000063,0.000253,0.000028
0.000301,0.878397,0.112108,0.006390,0.000113,0.000225,0.000062,0.000441,0.001962
0.000674,0.779929,0.196679,0.014603,0.000026,0.000690,0.003995,0.000561,0.002843
0.005399,0.868032,0.100638,0.008816,0.000026,0.001962,0.011188,0.001727,0.002212
0.000242,0.990561,0.007786,0.000984,0.000000,0.000111,0.000063,0.000225,0.000028
0.000649,0.447223,0.502472,0.000288,0.045605,0.000230,0.002665,0.000452,0.000416
0.000204,0.464568,0.474749,0.059429,0.000000,0.000129,0.000607,0.000287,0.000026
0.000041,0.995539,0.000618,0.002800,0.000000,0.000109,0.000063,0.000802,0.000028
0.000008,0.801082,0.180116,0.017145,0.000012,0.000136,0.000659,0.000318,0.000525
0.000250,0.993581,0.003419,0.001607,0.000111,0.000196,0.000063,0.000443,0.000330
0.002390,0.755610,0.110467,0.100593,0.000000,0.020636,0.005652,0.002352,0.002300
0.000252,0.892242,0.104571,0.000465,0.000024,0.000193,0.001485,0.000591,0.000177
0.000008,0.397814,0.596170,0.005587,0.000000,0.000123,0.000060,0.000211,0.000026
0.000103,0.954200,0.039317,0.003834,0.000000,0.000444,0.000817,0.000813,0.000473
0.001799,0.785190,0.187850,0.013132,0.000000,0.002788,0.003980,0.001830,0.003431
0.000277,0.972297,0.009403,0.017124,0.000000,0.000113,0.000278,0.000328,0.000181
0.000173,0.817386,0.178167,0.000454,0.000000,0.001734,0.000718,0.001342,0.000026
0.000304,0.490343,0.414551,0.089417,0.000000,0.000507,0.002602,0.001729,0.000546
0.000008,0.981297,0.016394,0.001171,0.000000,0.000194,0.000513,0.000395,0.000028
0.000257,0.867061,0.082281,0.049049,0.000000,0.000229,0.000832,0.000261,0.000030
0.000310,0.728699,0.137412,0.131761,0.000178,0.000478,0.000327,0.000368,0.000467
0.000008,0.861436,0.115541,0.018029,0.000000,0.000117,0.004440,0.000401,0.000028
0.000041,0.944054,0.052306,0.000979,0.000000,0.000135,0.000581,0.000889,0.001015
0.000008,0.997503,0.000620,0.001169,0.000000,0.000170,0.000278,0.000224,0.000028
0.001761,0.808501,0.056594,0.077206,0.036621,0.006088,0.007922,0.002073,0.003232
0.000264,0.746712,0.210688,0.031557,0.000037,0.004947,0.003896,0.000932,0.000967
0.003432,0.700724,0.259402,0.024554,0.000099,0.002077,0.004770,0.001934,0.003008
0.000301,0.748246,0.232346,0.013008,0.000000,0.001458,0.003762,0.000695,0.000184
0.000306,0.499239,0.411819,0.064755,0.000000,0.000112,0.023515,0.000226,0.000028
0.000216,0.958296,0.037374,0.003239,0.000000,0.000196,0.000063,0.000588,0.000028
0.004929,0.382977,0.286980,0.054659,0.000000,0.013224,0.228831,0.026899,0.001500
0.003022,0.223419,0.449011,0.027345,0.000024,0.010264,0.283790,0.002198,0.000927
0.000989,0.741828,0.244455,0.000725,0.000102,0.001872,0.003698,0.001996,0.004335
0.000008,0.999296,0.000000,0.000275,0.000000,0.000109,0.000062,0.000223,0.000028
0.000265,0.694463,0.268788,0.034719,0.000000,0.000202,0.001299,0.000237,0.000027
0.000008,0.514127,0.485092,0.000253,0.000000,0.000098,0.000058,0.000338,0.000026
0.003536,0.819052,0.152394,0.001961,0.002882,0.006701,0.008452,0.002130,0.002892
0.000598,0.928869,0.062381,0.003406,0.000025,0.000195,0.004013,0.000328,0.000185
0.000009,0.589003,0.276127,0.130722,0.000000,0.000166,0.003721,0.000223,0.000029
0.002106,0.718247,0.145063,0.099406,0.012595,0.004121,0.006036,0.005228,0.007198
0.001990,0.473028,0.493220,0.015360,0.000000,0.000535,0.014658,0.001179,0.000030
0.000041,0.994390,0.004453,0.000519,0.000087,0.000196,0.000063,0.000224,0.000028
0.000042,0.870270,0.125862,0.002491,0.000000,0.000173,0.000267,0.000363,0.000531
0.000357,0.707014,0.195383,0.069805,0.000128,0.015051,0.005273,0.003295,0.003692
0.000267,0.863079,0.133633,0.001911,0.000158,0.000135,0.000499,0.000291,0.000027
0.000007,0.849301,0.149186,0.000266,0.000070,0.000110,0.000323,0.000709,0.000028
0.000041,0.998143,0.000522,0.000872,0.000000,0.000109,0.000062,0.000223,0.000028
0.000038,0.474515,0.469147,0.055668,0.000000,0.000102,0.000287,0.000215,0.000027
0.000657,0.895678,0.097737,0.003488,0.000025,0.000228,0.000309,0.000392,0.001484
0.000132,0.987347,0.009168,0.002928,0.000000,0.000109,0.000063,0.000225,0.000028
0.000273,0.841589,0.135823,0.019278,0.000038,0.000201,0.000521,0.001495,0.000781
0.000094,0.287533,0.515705,0.191815,0.000000,0.000472,0.003364,0.000281,0.000736
0.000008,0.999120,0.000000,0.000450,0.000000,0.000109,0.000062,0.000223,0.000028
0.000233,0.420929,0.564654,0.000450,0.000000,0.003753,0.006642,0.003313,0.000026
0.000009,0.951514,0.005092,0.042963,0.000000,0.000107,0.000063,0.000223,0.000028
0.000008,0.996111,0.002635,0.000821,0.000000,0.000109,0.000063,0.000224,0.000028
0.000251,0.352948,0.038966,0.601521,0.000021,0.002862,0.002975,0.000366,0.000089
