0,1,2,3,4,5,6,7,8
0.0697876161808,0.0277285332232,0.0214215497932,0.00802369830693,0.00660108268155,0.0513887661694,0.0890905344589,0.702726356587,0.0232318625993
0.111521757673,0.0462653278855,0.0249421104357,0.0463965941087,0.00381874854564,0.414628952128,0.217511564631,0.0435850374524,0.0913299071395
0.755099893622,0.00296100284325,0.00339445039442,0.000713460271637,0.000253040937445,0.0840239066886,0.0119444736607,0.0444799662107,0.0971298053708
0.714960136692,0.00129597381033,0.000935371945465,0.00165214268425,0.000534300094856,0.179509947496,0.0202573314463,0.0256757841615,0.055179011669
0.0812616167242,0.00154919827176,0.00142151436494,0.000734045407968,0.000261408256071,0.00982807743511,0.00126638410236,0.00874815115685,0.894929604281
0.5779476197,0.00201577692845,0.00195334016876,0.00455729971243,0.00158273072383,0.178181458483,0.0150357775482,0.0202745493234,0.198451447411
0.870257475374,0.000431001468071,0.00052127194015,0.000245848693541,0.000178591541545,0.00319011768684,0.013538286646,0.0986843648396,0.0129530418101
0.151916162231,0.121473549986,0.0508627549022,0.034329780751,0.0334317117217,0.105536500588,0.309769785454,0.142479113678,0.050200640689
0.0326812598768,0.00858901800792,0.00845387147141,0.00246566538524,0.00492029232482,0.0308999483624,0.255823393018,0.649403758832,0.00676279272107
0.00954149843967,0.000467834839847,0.000289093033533,0.00899874969764,0.000718655815928,0.967798117249,0.00448994552564,0.00469976311676,0.00299634228216
0.832200699531,0.000968085458735,0.000595975179122,0.000719146783957,0.000109818371372,0.0706392542713,0.00493951233545,0.0150120081515,0.0748154999175
0.134502716728,0.0119157251707,0.0066748146537,0.00786235192474,0.00397710090533,0.228641505122,0.025883893629,0.0404241481014,0.540117743765
0.969236664682,0.000140151795315,0.000112552190262,5.2690534633e-05,8.52423961538e-05,0.00359979236887,0.00184732806659,0.0138255953336,0.011099982633
0.603138506539,0.0138073288757,0.00651230287382,0.00436819790892,0.00346940723626,0.0375869204671,0.0128797202335,0.29465467643,0.023582939436
0.871141353723,0.000358510839081,0.000574068710759,0.000265264643095,0.00010986614971,0.0125810386167,0.00299560058487,0.010455978796,0.101518317937
0.179857408203,0.00163171357982,0.00105943701382,0.000643988314185,0.0026439605777,0.0155008499628,0.00772015079565,0.0156574002976,0.775285091256
0.0683028673427,0.38486074925,0.263081347887,0.0137239176122,0.00206103471959,0.0607253165059,0.0454385756142,0.0259261332594,0.13588005781
0.83182588107,0.000934309342589,0.000858899253358,0.000670912384585,0.000384668050268,0.0438973023907,0.00454489155969,0.0083275245278,0.108555611421
0.279171436306,0.000662189297597,0.0013289437077,0.000429251821817,0.000272778136954,0.0194843528813,0.0542389941903,0.638373601735,0.00603845192338
0.178051202457,0.0202250446639,0.0178308947783,0.0034754284216,0.000488567414092,0.0566659955208,0.062947550761,0.00461358722278,0.655701728761
0.00677162976644,0.000189268023968,0.000159573157076,0.00264516742727,0.000113390547437,0.974221362456,0.00278878895216,0.00420084771612,0.00890997195375
0.945869432838,0.00391922467386,0.00345903851294,0.000315423924089,0.000121901634289,0.00111166924948,0.00256354837583,0.0415159078824,0.00112385290878
0.586171597032,0.0117673534856,0.000822497207107,0.00135372686381,0.00123400048089,0.19493671746,0.00559737862134,0.185705442165,0.012411286684
0.836364723804,0.00057147273928,0.00066543221219,0.000598988255097,0.000290818894734,0.040914445312,0.00759901341813,0.0741886335089,0.038806471856
0.36022003808,0.0390167270914,0.0118700978105,0.00411039651986,0.00109970009413,0.247972054367,0.0185512933893,0.0547391976262,0.262420495022
0.121304599777,0.331077218542,0.250204987396,0.05656776539,0.000968118184154,0.039032215067,0.116614893881,0.0420604629249,0.0421697388374
0.928897591148,0.00761151837358,0.00239074353887,0.000936255385173,0.00127486693284,0.00965219041657,0.0287049391393,0.00854329087101,0.0119886041948
0.513330515438,0.109634601003,0.0202309097546,0.00484007193987,0.000638127295577,0.0591078008649,0.0158255077474,0.0610409440916,0.215351521865
0.687196041481,0.00344776304633,0.00251209148113,0.00286104995357,0.00107813050246,0.130194841626,0.0115079291039,0.0673778355458,0.0938243172599
0.0941693288878,0.0364494843594,0.0284780331199,0.0250973495743,0.0170460056624,0.0488297158588,0.387858426528,0.265913342889,0.0961583131209
0.0799646249811,0.361549235135,0.0874302726155,0.0202927546865,0.0463855653921,0.0901929496618,0.157824043405,0.100560490353,0.0558000637699
0.304045287334,0.0043279841928,0.00186066885721,0.00195817057048,0.000550893447318,0.0191507703762,0.00581557450726,0.0263152544787,0.635975396236
0.721094324573,0.00132051831724,0.0018220743112,0.00126325630154,0.000703962688842,0.01968659016,0.0128958045473,0.101732554632,0.139480914468
0.012901105313,6.07163257923e-05,4.64279538845e-05,0.000299295899037,4.15486514898e-05,0.9813403636,0.00144382790461,0.000831290381282,0.00303542397139
0.0235741673591,0.0125358348698,0.00670605180855,0.00117211925128,0.000425016291774,0.00338886452208,0.00329878942712,0.00857457081128,0.940324585659
0.0250311485868,0.00189105508842,0.000959981922339,0.001488663456,0.00138825930349,0.0122377824295,0.0050459446795,0.00286289353292,0.949094271001
0.276799576912,0.00966113022008,0.0270632219145,0.00219781915906,0.000896085096192,0.0603863842472,0.0376555909527,0.482888779639,0.102451411859
0.918389869241,0.000363611407477,0.000415946255958,0.000323771642613,8.5194641452e-05,0.0140188090571,0.0192655118525,0.0438118219625,0.00332546393986
0.896925948538,0.000343968270373,0.00130817432407,0.000141920140618,6.3132862537e-05,0.000884380052767,0.0137753156339,0.0859656405908,0.000591519587461
0.661130032832,0.0476309847685,0.0856971695342,0.00484760680871,0.00105646402902,0.029850300183,0.0282309200198,0.138085744602,0.00347077722226
0.775825774545,0.00133891493027,0.00109294320261,0.00104553794596,0.000597578843146,0.0200586884923,0.0244231887085,0.0354593199137,0.140158053418
0.170409284657,0.00504477462566,0.00202505995673,0.00201456427691,0.0014435851152,0.206848024338,0.00523464085868,0.0139574678068,0.593022598365
0.359160109683,0.00164846652519,0.00153218057082,0.000805719229366,0.000481807365763,0.019175649522,0.0031454902731,0.592148633727,0.0219019431045
0.832470173618,0.00341393711988,0.00341407637978,0.000844163458789,0.000364076948107,0.0164823213908,0.0185619881216,0.118301293119,0.00614796984398
0.350991025508,0.0125205584359,0.00383319066302,0.0157827748966,0.00485761831033,0.341027523156,0.018412737917,0.106934807253,0.14563976386
0.483262742943,0.00341672886197,0.00188342163192,0.00119678249907,0.00246804390849,0.0143344173771,0.00605265950665,0.0469617093468,0.440423493925
0.974600636781,0.000184564247072,0.000200268019066,0.000153680139092,3.48855420414e-05,0.0059916528748,0.00347129164213,0.00637497353601,0.00898804721886
0.588433073979,0.00635218199287,0.00303848888905,0.00109569457087,0.00343657114968,0.0440156129431,0.204943580044,0.0466573155099,0.102027480922
0.745399549209,0.0127434827851,0.00524139212609,0.00824397284784,0.00101051016001,0.0925501529287,0.0787781710408,0.0445226531476,0.0115101157553
0.958849455291,0.000178145290013,0.000251994715609,0.0001232137828,4.83089696808e-05,0.00205140056578,0.00997870683127,0.027791490111,0.000727284442856
0.147791398307,0.359268143666,0.0762962955829,0.141523114706,0.00620600938602,0.106293418892,0.0492628645369,0.0651930647021,0.0481656902214
0.418842900158,0.00200278847039,0.00384519910088,0.000945370207052,0.000507888312647,0.028291834725,0.00380823370343,0.377419264508,0.164336520814
0.692073990871,0.0653964080847,0.0148249530457,0.0139029171054,0.00524214840651,0.032021920973,0.0339798535681,0.111821365994,0.0307364419516
0.93345664662,0.00021520027033,0.000315714497997,0.00017526127447,7.25646490683e-05,0.00780293652111,0.00729066840726,0.00704582051505,0.0436251872452
0.0628783909774,0.0175211900593,0.00843633760856,0.00110253441157,0.00269946329688,0.00774594464318,0.00320762467119,0.0630518764938,0.833356637838
0.442461280452,0.000904570762788,0.00266241638842,0.00160081031232,0.0002480850776,0.340284117404,0.0796320554719,0.119833887757,0.012372776375
0.953808172877,0.00015945052068,0.000339537109037,0.000103574247397,0.000105898848004,0.00164925753138,0.000698077570767,0.00769008929869,0.035445941997
0.974890287249,0.000495924399863,0.000603874311719,0.00018979363737,3.59832891872e-05,0.00788118858269,0.00589800507671,0.00788742039998,0.00211752305394
0.504091949312,0.00204274925139,0.00298850941642,0.00105946490439,0.000340204223848,0.0271294978631,0.0112451693131,0.006141438299,0.444961017417
0.0455117580679,0.294752391898,0.0334758941133,0.00376157473789,0.00482994598901,0.0608965717689,0.00971502808513,0.250409428592,0.296647406748
0.230697395605,0.0918493126545,0.025281723592,0.0135138425238,0.0146831234658,0.135615918018,0.0238877528603,0.118846098047,0.345624833233
0.446139874079,0.000683814412154,0.000690028163564,0.000246929480778,0.000138209339207,0.00753998746832,0.0020924426435,0.0112809009214,0.531187813492
0.324472835012,0.259140883084,0.0216047736798,0.0107409296481,0.0126875189929,0.113792490073,0.0591915240071,0.0680946111938,0.13027443431
0.480410447513,0.019051263684,0.0456350025975,0.00162360995764,0.000634409882969,0.0176321845077,0.0606886401792,0.286802110159,0.0875223315188
0.097070740516,0.0129629990564,0.0133755687162,0.00524433250069,0.00148642898402,0.0848507943015,0.0974388731832,0.643145598741,0.0444246640014
0.0588184293053,0.00133243337649,0.000679570824118,0.000266238749324,0.000290904728322,0.00541379263068,0.00172005021617,0.638706184155,0.292772396014
0.274775195938,0.154093786544,0.101771890776,0.0152511936136,0.00159494898845,0.139705967482,0.067060343337,0.0934808024615,0.152265870859
0.0205332845631,0.747120329518,0.0809445735461,0.0514077289308,0.00175424469166,0.00953081077854,0.0468369374716,0.0177227281481,0.0241493623521
0.890560123435,0.000626678419541,0.000394720147688,0.000254871797246,0.000327553132418,0.0188040123037,0.00171799078725,0.0287935747923,0.0585204751843
0.0264105994031,0.332400134208,0.233118063809,0.0381105583049,0.00500366770872,0.0568260433403,0.22742463075,0.0522366017389,0.0284697007369
0.836436227979,0.0455985185185,0.00313174003777,0.00207426869251,0.000816699819101,0.0150019556747,0.00188389060563,0.0113976140537,0.0836590846188
0.909897241595,0.000587516466281,0.00204184359076,0.000136025316204,0.000381015008747,0.00396209101179,0.00692552604961,0.0738803864976,0.00218835446427
0.35129018424,0.0347086233283,0.0188685275044,0.00993285626176,0.00209166185872,0.0726351039014,0.148412833056,0.342415759309,0.0196444505412
0.469972540646,0.0442289547351,0.0124608212408,0.00925842044389,0.0158219707207,0.0914977612743,0.0178510219822,0.0257820696911,0.313126439266
0.149901473208,0.000579886147252,0.000559017171707,0.000667773878525,0.000233950854814,0.0261977415765,0.00225854629412,0.00337093286838,0.816230678001
0.861838682037,0.000464847283877,0.000347759835623,0.000413727768289,0.00011824050739,0.0122631277244,0.00793936906055,0.0292460160384,0.0873682297447
0.294967234574,0.00181886576293,0.00172736896675,0.000650506310402,0.000798490759886,0.186440046043,0.0314355528177,0.47228932765,0.0098726071148
0.559507087362,0.0106713998924,0.00414456724636,0.00101948197339,0.00064564727585,0.0616790847626,0.0194650832295,0.318295990115,0.0245716581427
0.242461760576,0.0134240342638,0.00446131218229,0.00378537069897,0.000886774372273,0.0216080747166,0.00730650478759,0.687843229318,0.0182229390842
0.498700044859,0.0411018024276,0.0137418640665,0.00149170958958,0.00255561528694,0.00627385900297,0.00676445475481,0.0155354907462,0.413835159267
0.164418434111,0.0535040112441,0.0943244731271,0.00413736460299,0.00518746682465,0.132562700417,0.0133936346322,0.406965731127,0.125506183914
0.0359534857633,0.00268450787077,0.000969401217953,0.000303875938766,0.000378424010948,0.00375906377194,0.000442012112736,0.00162508917428,0.953884140139
0.0541810588576,0.00543857829952,0.00243166894917,0.00023781355686,0.000136722517534,0.0103479946753,0.00385754109683,0.909778729503,0.0135898925445
0.198663936421,0.0020017078622,0.00245430569201,0.00158193378429,0.00039993294012,0.218669508741,0.0832169756604,0.477085057909,0.0159266409903
0.561235593339,0.00333042612084,0.00207259361125,0.00248347833175,0.000823250728914,0.0127709374591,0.0623102443543,0.314592573721,0.0403809023344
0.200068626823,0.00183788485691,0.00545517426978,0.000437504074951,0.000494438751306,0.00452519840778,0.0297017295548,0.754076778247,0.00340266501398
0.819306191005,0.000945649382351,0.00106175127499,0.000364107603966,0.00035859154991,0.0140544287132,0.0115631437348,0.113563842263,0.0387822944723
0.784647223044,0.00155037120361,0.0010029195142,0.000455598033149,0.000335159554665,0.0168699491383,0.00847664907872,0.151136204926,0.0355259255073
0.665400752896,0.00291642677747,0.00158364188977,0.00102687885875,0.00138317319077,0.018526266482,0.00485788188544,0.0701756764427,0.234129301577
0.127511661592,0.000644241895454,0.000279564008655,0.000207625378998,0.000745724890825,0.00639578816244,0.000328411131356,0.00264005207923,0.861246930861
0.368401301502,0.00229651171836,0.00316001194058,0.000413859564393,0.000734650902567,0.0202890342452,0.0360555135831,0.553317091767,0.0153320247776
0.707366852728,0.0100398424287,0.00965355004582,0.00710572012875,0.00169671175205,0.0366364902043,0.0849244114639,0.0675085707379,0.0750678505106
0.030675766055,0.0147723074256,0.0203921878552,0.00248677604174,0.00034971601779,0.00913745928366,0.00153704426494,0.00686334353171,0.913785399524
0.507153716546,0.00213884433228,0.00349199787639,0.000417871923954,0.00033507761006,0.0171111944775,0.00136730855035,0.0386090624992,0.429374926184
0.878316287125,0.0209685451787,0.0028072838312,0.00206547687174,0.000401934719425,0.0339000806489,0.0072839487164,0.025009955535,0.0292464873733
0.454034895241,0.00198477735113,0.00088357309152,0.00142100033456,0.000386238468124,0.375504915339,0.017808128799,0.106912479538,0.0410639918374
0.171306888442,0.0246301239081,0.0084248597204,0.00571643359322,0.0117029326209,0.14029411008,0.0197508295107,0.0685880385393,0.549585783585
0.0831198581823,0.00493853475002,0.0104747063912,0.000479293453649,0.00012359321973,0.00641620296844,0.00153026642405,0.00304403324787,0.889873511363
0.24704334909,0.015280781949,0.0254191760668,0.00369467793108,0.000747399770098,0.0442385447099,0.0210697388583,0.50491514994,0.137591181685
0.347928168302,0.0350699756719,0.0130129151006,0.00143103399053,0.0056379896543,0.0166476134917,0.00897855160336,0.0184982609429,0.552795491243
0.921378318302,0.000270956492029,0.000261208991329,0.000109823877587,8.38891847475e-05,0.00521679884378,0.0193333952061,0.0515764171189,0.00176919198345
0.332855394491,0.0157288412221,0.00838613567415,0.00870049982334,0.00218236948691,0.0457189900695,0.0088549155531,0.0598600788822,0.517712774797
0.863501152433,0.000848118681272,0.000666938585097,0.000695436347401,0.000312068251725,0.068427634737,0.0113903991071,0.0453143703603,0.00884388149744
0.571324076866,0.0686263308109,0.033575215403,0.00478372730943,0.00158517013943,0.0572052285929,0.0499602859794,0.200713393732,0.0122265711671
0.351753306952,0.0011444291691,0.000761686897213,0.000566423498002,0.000182761040632,0.0115244921835,0.000383896460544,0.00355545592488,0.630127547874
0.276660709549,0.0519511567053,0.0410942192777,0.0137221471274,0.000644571515652,0.286237341589,0.214245297535,0.0361169518869,0.0793276048143
0.0751576744808,0.00277674936985,0.000924888549285,0.00405081294826,0.00051438577375,0.760806058084,0.00189827868569,0.0193890849552,0.134482067153
0.0202613745632,0.00533206066247,0.00345697880152,0.00123326813445,0.00152638073309,0.0156353423747,0.00247412428717,0.731662699783,0.21841777066
0.965554977582,0.000141462477592,0.000142617709062,6.36929035045e-05,0.000110598054153,0.00720088485012,0.00246434901193,0.0153025409588,0.00901887645269
0.180430132011,0.00175824263067,0.00196487556249,0.000813972595194,0.000696903214845,0.0196316363244,0.00140804661833,0.0182488246298,0.775047366413
0.484375936839,0.00871735993578,0.0159605093284,0.00129362656199,0.000413852084974,0.0711351210835,0.0808397182979,0.147605904967,0.189657970902
0.0342756621792,0.671781527147,0.21906158901,0.0372753218167,0.000337332644671,0.00304322897604,0.030252531853,0.00260159934603,0.00137120702672
0.59922063462,0.00753325362474,0.0116486279347,0.00265699609587,0.000226113822651,0.0370136847759,0.0233472755073,0.0183729757148,0.299980437904
0.0564739878754,0.065767456106,0.0212315109445,0.00176241623025,0.01120380037,0.00805410624337,0.00186487578357,0.0251028316594,0.808539014788
0.52571357207,0.00617007819125,0.0137438596651,0.0049607087079,0.00187444728947,0.162169757698,0.0188594550843,0.032724052732,0.233784068562
0.222219261198,0.00441491718903,0.00460321804644,0.00173222875846,0.000670326074951,0.0531474952546,0.0439468299895,0.637441409912,0.0318243135769
0.262765657692,0.0471014956335,0.0226876173134,0.0232328222529,0.0131777022289,0.0427382948212,0.262375509905,0.31043259124,0.0154883089133
0.0794644346725,0.00129884647768,0.000734925568377,0.000358894021122,0.000219714333924,0.0133363203233,0.000557961245783,0.00183583188614,0.902193071471
0.805646156204,0.0271863666907,0.0241610745625,0.00289556371021,0.000387221291672,0.0254968181785,0.0385002154027,0.00792378343912,0.0678028005201
0.627386369166,0.0061957093561,0.00148780443884,0.00189161108141,0.000447250570204,0.0327172194696,0.00748951812788,0.128011223807,0.194373293983
0.590652359931,0.0382752844989,0.0121684795633,0.00742256631457,0.00339793080627,0.065692527352,0.0344354973484,0.0816012312884,0.166354122897
0.964980489104,0.00175442440267,0.00185156090677,0.00133450903068,0.000241550099985,0.00724657285259,0.0156168750487,0.00273689544391,0.00423712311046
0.908286247283,0.000517352345024,0.00117140371301,0.000511969463871,0.000177710050497,0.012226789421,0.00998773183135,0.00367970073483,0.0634410951569
0.965396263954,0.000276908905708,0.000293380092204,0.000152471625848,4.66373061554e-05,0.0243942398379,0.00141213602989,0.00664474029035,0.00138322195795
0.502612531678,0.0834764343032,0.0447675924049,0.00673691778635,0.00144532964622,0.0706662383773,0.033059040924,0.0537231818938,0.203512732986
0.573130429442,0.00220496953063,0.00289093736082,0.000750092022117,0.000499175662944,0.0952661377075,0.0192143375036,0.205025215875,0.101018704895
0.0537731681406,0.00231507835331,0.00259898405189,0.00135544037243,0.000447323821608,0.00546072127155,0.00185293299031,0.00602389296926,0.926172458029
0.961110576879,0.000221002333888,0.000232747621941,0.000139044762316,3.7306383529e-05,0.0224770398741,0.00202599149814,0.00914299044652,0.00461330020011
0.425721766319,0.0376700941875,0.0317591538257,0.00334518930688,0.000817670171638,0.114422610176,0.104939265617,0.0218797987253,0.259444451672
0.124660943549,0.000387611964027,0.000320931807995,0.000338735280377,0.000108270298265,0.00316677973682,0.000758995074428,0.00208620124383,0.868171531046
0.625821608142,0.00116728003103,0.000658578487707,0.000810477731476,0.000182446324804,0.0163825463897,0.00901583537912,0.013734784098,0.332226443416
0.83231915692,0.000542346559204,0.000696073709935,0.000389020393441,0.00014523726588,0.00437644895249,0.0110493289191,0.148834073111,0.00164831416856
0.935165659209,0.000354154695727,0.000300204702879,0.000246072304902,5.03753635434e-05,0.0121813655477,0.00439259286953,0.0202625101716,0.0270470651351
0.364009579442,0.000674209843057,0.00103579438266,0.000462976210632,0.000155204451529,0.0227262649024,0.0212371089508,0.529382238246,0.0603166235709
0.96798761825,0.00602776547046,0.000779997484571,0.000312617442863,0.000430746531474,0.00616645188523,0.000788795003082,0.0071675225458,0.0103384853868
0.946819611549,0.000675666974425,0.0017483216595,0.000391623716626,0.000155724926839,0.00969152608702,0.0111710079625,0.0154820393079,0.0138644778159
0.0159550366748,0.00223660398536,0.00110085498732,0.00083052015196,0.00051575927629,0.00333785800013,0.000906595177039,0.00802229585923,0.967094475888
0.987644973814,5.32889081663e-05,0.000100319398368,9.98068062332e-05,2.51942778225e-05,0.00286740503323,0.00128426333844,0.00481014160058,0.00311460682281
0.356015017513,0.00403934061728,0.00404797371964,0.00246149620815,0.00139932654378,0.022340278683,0.0327869782611,0.00530575181273,0.571603836642
0.0377437551736,0.00498050466424,0.00366285271267,0.00127543715198,0.000515743492108,0.0300609168079,0.00147945308206,0.0041821814193,0.916099155496
0.339712590596,0.00656721457657,0.00382898732902,0.00157749691795,0.000880236525052,0.314778431842,0.0822919883831,0.211725362137,0.0386376916933
0.162085393764,0.000442471920114,0.00219842994207,0.000237200156973,0.000128756371779,0.00282980086558,0.00186311682864,0.00539848512988,0.824816345021
0.945935476882,0.000921631131349,0.000555782101636,0.000132113204072,0.000218749642284,0.00399926029785,0.00397078578715,0.0426345600528,0.00163164090057
0.986375333485,0.000697449886512,0.000373879403964,0.000219432872252,0.000220444247742,0.00302576840594,0.00126633162869,0.00188115926407,0.00594020080576
0.176035683827,0.0111997603485,0.00982855424642,0.0171728000134,0.0030454245532,0.375940442658,0.139415636747,0.240983889202,0.0263778084049
0.466013613756,0.00232249535273,0.00156969125657,0.000847913075657,0.00467666053306,0.0103760592444,0.0220931532846,0.469085970122,0.023014443375
0.92580227224,0.000436656311925,0.000587411905532,0.000396129332179,0.000371347134363,0.0157033698253,0.00461582485017,0.00800166238414,0.0440853260165
0.880616431441,0.000840276661532,0.00128266467729,0.000275713454818,0.000207058298889,0.00794668764215,0.00342396113366,0.00562714072776,0.0997800659627
0.20014813711,0.0346101169461,0.0269968968714,0.0798402338393,0.0253451807703,0.265115171126,0.140202348734,0.14753126853,0.0802106460725
0.599803875783,0.000758878770224,0.000401980849444,0.000923444386655,0.000118753514522,0.368932095854,0.0044296479741,0.0221443963252,0.00248692654263
0.593659256276,0.00470804892236,0.00421784614461,0.00220092542022,0.000436512258795,0.0124380746053,0.0174408743781,0.361052625949,0.00384583604603
0.496938429153,0.00211711668027,0.00134695788945,0.00169276827369,0.000531916189077,0.260302365766,0.115332078263,0.118589659441,0.00314870834407
0.57463135506,0.00992303367221,0.00629781707705,0.00230563102916,0.00149062569056,0.0191327501958,0.0132694340053,0.295699391642,0.0772499616286
0.0102038515973,0.646025287629,0.311556768958,0.0193231575633,0.000181788677872,0.0015791416858,0.00914462973995,0.00107121700586,0.000914157143441
0.605670268873,0.00119024246503,0.00161449633964,0.000821999344117,0.000654908131623,0.189014360181,0.00764009347664,0.0585747081002,0.134818923088
0.771284705951,0.00162818729572,0.00278876669284,0.00156683564369,0.000354192060759,0.0651185605626,0.00382087052586,0.127237637256,0.0262002440109
0.243528865165,0.0119317191844,0.0243041733966,0.00426544152202,0.000750172110185,0.202506853069,0.345612947672,0.0168529374126,0.150246890468
0.0401334374068,0.00171821745955,0.00463196282665,0.000591762234183,8.49967467466e-05,0.0252824584681,0.0029487537427,0.00141809124836,0.923190319867
0.186998201791,0.00975771933456,0.00581762565541,0.00633339130918,0.0155434559147,0.172869512604,0.0351045083067,0.412418504058,0.155157081026
0.0738969336971,0.0296782538479,0.100531502189,0.0039696562117,0.00141869570151,0.0366361566784,0.313098411127,0.434875417905,0.0058949726419
0.618318659201,0.00243593376256,0.00375406122654,0.00177154125473,0.000264858786019,0.0987968551175,0.0653288579273,0.0952105465488,0.114118686176
0.0125850302885,0.741625931288,0.0736631757179,0.144341141717,0.00154625747156,0.00935606071345,0.00207420496383,0.00661707255794,0.00819112528198
0.760902954993,0.00511026065988,0.000831173091372,0.00872672920144,0.00481423644629,0.201824536571,0.00595305170898,0.00767087718362,0.00416618014379
0.613000955812,0.000815886639732,0.00170860258522,0.000150808886675,0.0001416070143,0.0041950803674,0.00109792377583,0.0881393237673,0.290749811151
0.995120945374,0.000449896545257,0.000230169308922,6.55203003875e-05,3.84823102612e-05,0.000500157986842,0.000396699742427,0.00248415586419,0.000713972567265
0.0458781569819,0.00352156818889,0.00163439400299,0.00115291774708,9.42619203519e-05,0.00874225851189,0.00106253000957,0.00108075473482,0.936833157902
0.610247665364,0.0265684432047,0.00755761502857,0.00266554931215,0.0038396418128,0.0599300900138,0.0660159806004,0.167988348782,0.055186665881
0.0805788325817,0.00382207479877,0.00215926607276,0.00201243832603,0.000772892701125,0.0205270456628,0.00181614411634,0.00866355381515,0.879647751925
0.845134635931,0.00141300008425,0.00169281974152,0.000486012267839,0.000212682744237,0.00985551972383,0.00304897787822,0.0719771640813,0.0661791875476
0.0985952727824,0.00414785861938,0.0030723974365,0.00395038174065,0.00129454105929,0.00675544080561,0.0143102368839,0.854369290377,0.0135045802952
0.0353086092423,0.450943209823,0.437264117627,0.0516142116677,0.000635155409208,0.00249528448138,0.0163038606993,0.00138981838449,0.00404573266577
0.146796644959,0.0328684509529,0.0203307479241,0.00538637008895,0.0058425655591,0.0885202384789,0.562002684956,0.122916116375,0.015336180706
0.902788956352,0.000439176016823,0.000449752628837,0.000126898940634,6.79720409979e-05,0.00213327173363,0.00245218690054,0.0302553018958,0.0612864834912
0.0910629940872,0.000596766702591,0.000409639995213,0.000311001330041,0.000110903015819,0.0129057302075,0.0020534612793,0.885894455316,0.00665504806648
0.741706911201,0.0006256156439,0.00118853054402,0.000430269451895,0.000307790199404,0.0115541677101,0.128543052344,0.110257987935,0.00538567497147
0.330038537903,0.0593492308697,0.0193886403043,0.00532358405853,0.0105168961011,0.0373226264812,0.0660570725398,0.0880418120044,0.383961599738
0.907231466425,0.00271200059451,0.00127640428253,0.000432815862233,0.000126109261114,0.0025095266326,0.00644651857852,0.0768398409612,0.00242531740208
0.442032409741,0.00409729320093,0.00240374943035,0.00130966937507,0.00107478879032,0.101261998587,0.0742593309443,0.0182765781724,0.355284181759
0.520261841556,0.0154942285591,0.00551246406511,0.00187060180493,0.0032307527867,0.0370466037925,0.019918018884,0.0581259738499,0.338539514701
0.222334642685,0.0158857600549,0.0144623437146,0.0160749289203,0.000463027181066,0.497699550851,0.0279958439709,0.154759890214,0.0503240124093
0.94285858021,0.00125312753489,0.000830567581003,0.000281103783449,0.000342997107295,0.0136180565126,0.0075909609716,0.00581239784091,0.0274122084584
0.0553512989124,0.091528272588,0.0270455142187,0.00472853199922,0.00172006833762,0.153507037359,0.0369009455512,0.608501454047,0.0207168769872
0.0122773595525,0.790010126217,0.0984495102852,0.027581072038,0.00147120742534,0.0120524624744,0.0297953793742,0.0121796723913,0.0161832102423
0.00473994811523,0.373647179004,0.457378789462,0.158161498889,0.00040338249566,0.000568967343528,0.00408566970418,0.000729446452547,0.000285118532903
0.00155967720916,0.793663363151,0.163492954347,0.00254869869574,0.00061185582384,0.0213382098116,0.00591821104548,0.00862208388931,0.00224494602607
0.000228499467662,0.962858172787,0.0346762491706,0.000765757120274,0.000486661578481,0.000167633862971,0.000188653193772,0.000359569863721,0.000268802955498
0.00307734304861,0.572759864136,0.120179640103,0.28288009863,0.000858457990456,0.00408554950165,0.0057869524338,0.00372262257522,0.00664947158119
0.000561722756134,0.922970158646,0.0446664399924,0.0227759381165,0.000186455307091,0.001113802682,0.00665972030905,0.000575319280484,0.000490442910267
0.00259232940096,0.542895493667,0.415299446856,0.0312167476256,0.000678367710126,0.00141961526084,0.00453044143838,0.000613046901652,0.000754511139236
0.000886648346273,0.945646114126,0.0370505134069,0.0106158007066,0.000922755485989,0.00140363396772,0.00198341501577,0.000808115204754,0.000683003740493
0.0003325474952,0.975098060028,0.00400951152385,0.0192580170074,7.1548437638e-05,0.000386925672795,0.000282690519134,0.000245936319136,0.000314762996868
0.000137335639725,0.985533523366,0.0104523380376,0.00274040833438,3.76180602415e-05,8.66651906717e-05,0.000809551450326,8.73132394088e-05,0.00011524668172
0.00313657640092,0.944839106298,0.0322939393373,0.00734770311947,0.00148263712071,0.00117765650577,0.00177680490032,0.00434093558002,0.00360464073764
0.0146526185361,0.385087571303,0.527442159915,0.0287082020579,0.00148009464059,0.00798347130105,0.0129979649381,0.0117079572357,0.00993996007202
0.000307359662154,0.975214940684,0.0215219555203,0.00109464236106,8.76963313628e-05,0.000342732372059,0.000475893079369,0.000358898331265,0.000595881658548
0.000315459015958,0.978138009631,0.0169437811922,0.00223602670091,0.000275213602778,0.000421217889392,0.00069213091439,0.000666956545558,0.000311204507623
0.00113883014859,0.405406106577,0.539441254342,0.0422303899739,0.000120241378222,0.000515882127516,0.0106176395806,0.000341534621709,0.000188121251133
0.00078992886028,0.979615221214,0.0110283560332,0.00338258484466,0.00033797554166,0.00128578124772,0.00261113328777,0.000462296277951,0.000486722692739
0.00116373356624,0.818163288114,0.0341106339151,0.0548966334501,0.0374125936102,0.0417250355506,0.00362220458256,0.00574117996556,0.00316469724586
0.00195062140376,0.477136058177,0.42283233208,0.0769023799101,0.000181608152723,0.000491900316061,0.0195471843576,0.000579341770828,0.000378573832
0.000143024977349,0.943090192576,0.0462155756979,0.000468218985696,0.0025676196545,0.000389732844239,0.00077001269266,0.0062186230874,0.000136999484189
0.000696720078116,0.959489631258,0.0221298973472,0.000747361507235,0.000762922972811,0.00212298854533,0.00961164383802,0.00229915268046,0.00213968177244
0.0178599595125,0.0704903064393,0.18527229013,0.0325218825311,0.000545579005013,0.0135000042092,0.597435933534,0.0725264080153,0.00984763662382
0.00125882484968,0.873088654726,0.103641608363,0.012712389216,0.000615804048282,0.00147758523204,0.00364885659327,0.000712868148428,0.00284340882338
0.0003189434946,0.928861002097,0.0456287656957,0.0239016006305,0.000135868682369,0.000421501197432,0.000248379269932,0.000236322133956,0.000247616798651
0.000546069613699,0.867334983209,0.111662411858,0.012014947547,0.000138900745788,0.000345943271434,0.0073912614466,0.000336927808416,0.000228554499188
0.00141536249902,0.782945726424,0.17014986689,0.00412906601625,0.000373090215767,0.0204171455729,0.0163083696902,0.00222145365718,0.00203991903416
0.000320857149416,0.952017522162,0.0247361259009,0.0182348259225,0.000240111901079,0.000487737868183,0.0024520484721,0.000649848811413,0.00086092181231
0.000399792033812,0.501331295087,0.265680573695,0.23011810188,0.000142451687492,0.000974754176041,0.000688556782905,0.000377679488022,0.000286795169042
0.000384211367047,0.84678323818,0.138809936849,0.0122309464482,0.000276281747141,0.000267306110825,0.000295535401298,0.000401745311598,0.000550798585043
0.000572947482807,0.940091094819,0.0479116606609,0.00766967479682,0.000264223182785,0.00168414854584,0.000905518798996,0.000410950197784,0.000489781515282
0.000227079722788,0.911682919526,0.0823865519152,0.00464419818702,0.000175391157302,0.000101927423157,0.000482099523603,7.8919962937e-05,0.000220912582444
0.00736004473666,0.488565121185,0.112460957183,0.00958023088196,0.00185074717414,0.104539598935,0.239477850743,0.0332181676331,0.00294728152693
0.0218515390615,0.663608057113,0.176883199058,0.0282338759415,0.0259725901863,0.00598831591705,0.0225416341782,0.0188853357643,0.0360354527796
0.00086818433637,0.433004924154,0.504476574574,0.0464431110093,0.00475710964582,0.00212954469064,0.00583567283834,0.001248121595,0.00123675715628
0.190477623669,0.319864755776,0.083562876875,0.0142608065776,0.0225382408179,0.0525802060055,0.0873195628154,0.0853204575983,0.144075469865
0.00297410119103,0.718662585442,0.125475279668,0.10658290718,0.000329590377646,0.00233070112149,0.039286387299,0.00350073911866,0.000857708601708
0.00286323076477,0.566952604514,0.267039796461,0.126257354833,0.00032652145097,0.00530544793657,0.0235134247019,0.00283438840896,0.00490723092865
0.000325315014023,0.66855063127,0.318881146417,0.0104521802257,8.97462977418e-05,0.000353891399551,0.000972427519857,0.000213626941686,0.000161034914807
0.000936725621451,0.780279461254,0.0191618469408,0.195650809102,0.000113447047703,0.00081561410425,0.00115524716403,0.000554295189921,0.00133255357579
0.00125761691189,0.85143904188,0.108418478086,0.0330757286285,0.000409254340671,0.000809966294411,0.00103694838777,0.00145019943999,0.00210276603032
0.000486010652562,0.553546602239,0.368496927791,0.0699278004672,0.000177267637909,0.000485624876025,0.0057661528354,0.000607421708256,0.000506191792663
0.000694319762725,0.544135464688,0.372523525127,0.0708620433474,0.000250645781488,0.000536707084335,0.0102371537909,0.000501488089085,0.000258652329529
0.00175599573636,0.852594861667,0.13157545731,0.0104494235326,0.000244370444822,0.00069739057754,0.000632964643449,0.00123611601132,0.000813420077604
0.000257701546852,0.836441090552,0.14491606314,0.0162704348763,0.000121478985463,0.000263468279293,0.00131205985072,0.000265211558777,0.000152491210671
0.00080259574501,0.883144405343,0.0972002946366,0.00535036362289,0.000156350591838,0.000462061431047,0.0111345092461,0.000452578262757,0.00129684112034
0.000460639637331,0.826956171226,0.146641995731,0.0242457874674,0.000312095229527,0.000221132725241,0.00044965363643,0.000406725067914,0.000305799279723
0.000585623127917,0.732276544809,0.256974579325,0.0044907931984,0.000936558363492,0.00137979320252,0.00184751418717,0.000550247520035,0.00095834626642
2.54893293501e-05,0.996156727847,0.00118270184873,0.00227202724926,1.73404896893e-05,8.10068196129e-05,0.000136143338303,6.34472693022e-05,6.51158082581e-05
0.00231444544041,0.656143838354,0.220146968765,0.101074540687,0.0107696422931,0.00117664345262,0.00294484424027,0.00353884966419,0.00189022710337
0.00341930656343,0.686262315631,0.159167898155,0.106063416027,0.0104067826941,0.00674489030873,0.00796385092366,0.0100114038365,0.00996013586124
0.000186854804887,0.98849934247,0.00778295061384,0.00263590380914,0.000117715088006,0.000271190538361,0.000251559650712,0.000131977504825,0.000122505520375
0.000107801388163,0.980972670054,0.0146122742318,0.00309754508957,4.30819541814e-05,6.32811976261e-05,0.000950613422906,7.41624278983e-05,7.85702335249e-05
0.00086780896604,0.628566046279,0.313379619105,0.0424522428794,0.000220164777732,0.000611684498641,0.0124321208304,0.000739205397063,0.000731107267022
0.0489677218015,0.442512051915,0.116780024103,0.020673156449,0.00758312099176,0.054892352021,0.0654550884847,0.0627565174198,0.180379966815
0.000991586317879,0.725362826627,0.244391576898,0.0244477038229,0.000176456991811,0.000808607329632,0.00264849559472,0.000351720924013,0.000821025494163
0.000431633051092,0.463101407007,0.472003649745,0.0585123778988,0.000186573253432,0.000265618020006,0.00489520903816,0.000409937700501,0.000193594285643
0.000471025111393,0.17452506248,0.664470356748,0.155671251348,0.00078272893317,0.00105313207282,0.000820412176345,0.00172743961935,0.00047859151121
0.00217870449434,0.662603538642,0.267313920236,0.0205441635235,0.00107675485014,0.00365857190478,0.0259227617834,0.0133672561038,0.00333432846217
0.000197088968609,0.883046241871,0.100046479711,0.0158518400496,5.98968500392e-05,0.000182886200804,0.00040563753307,0.00011380908726,9.61197293832e-05
0.00215137225858,0.33064849785,0.532551069396,0.109336083848,0.000211503685818,0.00121621208798,0.022336185013,0.000515292232692,0.00103378362829
8.09542408366e-05,0.982390428332,0.0130542305344,0.00132820958123,3.12725726534e-05,7.27231483251e-05,0.00290276569419,8.82348915236e-05,5.11810052914e-05
0.000450472858324,0.93064782027,0.0466121676113,0.0161734301085,7.57204438433e-05,0.000540958991952,0.00460549091511,0.000511353466303,0.000382585334781
0.000771184311984,0.454172106217,0.471339038882,0.0649625828261,0.000228803778734,0.000679827064205,0.00637868456512,0.000749013478248,0.00071875887617
0.000495274831695,0.974847372976,0.00796797058493,0.0127640041176,0.000117580665999,0.000994656906611,0.000499405702717,0.000644183652333,0.00166955056264
0.000894060817352,0.799274483738,0.166042879829,0.0178105245714,0.000329244539922,0.00460483501728,0.00592651388328,0.00328837396473,0.00182908363925
0.000621025227925,0.821689365,0.150472837169,0.000909928098571,0.00182627103084,0.00165300531672,0.00232276966585,0.0198824333426,0.000622365148494
0.000305050560162,0.840593064853,0.143238602026,0.0128953448532,7.22918749746e-05,0.000296351001511,0.00191273733905,0.000262210951046,0.000424346541598
0.000238480497279,0.944098393984,0.0497969386385,0.00499625423242,9.34283954948e-05,9.99905377408e-05,0.000238615518107,0.000246850732655,0.000191047464257
0.00106061680665,0.790774930384,0.182698834204,0.0128599537736,0.00513873290517,0.00152944150194,0.000870298029119,0.00222636124193,0.00284083115304
0.000405128165072,0.809330387843,0.156018554525,0.0271482377116,0.000143807022054,0.000527209601546,0.00534940970878,0.000543032938847,0.000534232484567
0.000375816294246,0.847430230539,0.106498605761,0.0428405166315,0.000390319460891,0.000560638282601,0.000703302040792,0.000684859061331,0.000515711929498
0.000156309709421,0.892222100345,0.0950248756363,0.00993256805812,0.000133800629597,0.000648637509315,0.00122095843053,0.000309778387587,0.000350971294087
0.000303418532196,0.987119514811,0.00877042979231,0.00148532862607,0.000376145823852,0.000276450632551,0.000491226484215,0.000622322956013,0.000555162342134
0.000643475283487,0.824632555431,0.114664441248,0.0516485735154,0.000268014137741,0.00115202849066,0.00420394024519,0.00101671166704,0.00177025998177
0.000771925737012,0.394151606104,0.325524045711,0.00104265286531,0.251205234535,0.00764748921366,0.00194894097035,0.0164226966139,0.0012854082504
0.0198416521084,0.797248608831,0.0377716477607,0.00658191470184,0.00100327396762,0.0212904180182,0.00856336724806,0.0210257069906,0.0866734103737
0.000108443310652,0.93606982399,0.0594508389033,0.00263465196639,0.000158803323409,0.000199911379675,0.00114255015442,0.000137974199542,9.70027727754e-05
0.00169806006763,0.555703326331,0.339669379605,0.080057572278,0.000427355835329,0.00354679909739,0.0136666416948,0.00293850503961,0.0022923600511
0.000142356136063,0.897155599684,0.0891223001374,0.012506815954,9.33469507163e-05,0.000164517498811,0.000535722871703,0.000151596869243,0.000127743898281
0.000214893633162,0.719817538931,0.274942239114,0.00389199472728,0.000211558598585,0.000244280717084,0.000167281167522,0.000284122397225,0.000226090714469
0.000285294000426,0.890718685524,0.0911327693158,0.015368738411,0.00050737657729,0.000274418362626,0.000624154959488,0.000480853350038,0.000607709499011
0.000168708813957,0.965876817983,0.00386118988264,0.0275537206089,3.97620768079e-05,0.000461115661391,0.000601606465081,0.000204726898425,0.00123235160989
0.0584530393797,0.299526268354,0.174065919471,0.0126684280314,0.0363986600899,0.0701913193724,0.142029765381,0.125426953012,0.0812396469086
0.000360204366138,0.400913490264,0.563025678746,0.00109709214382,0.0024764746786,0.0110162309021,0.00734677388196,0.0134979316058,0.000266123411165
0.00743936573232,0.120614218443,0.122346393643,0.0189759006578,0.000295428777377,0.325972905569,0.271328605914,0.129947142341,0.00308003892281
0.0156095609201,0.405016548982,0.387768070092,0.025623199494,0.00352912483233,0.00418625243092,0.139393020622,0.00763477609854,0.0112394465277
0.000537205414607,0.909762201004,0.0820566430645,0.000594556461172,0.000398987946718,0.00134572474396,0.00178372646105,0.00292943749247,0.000591517411009
0.00128015918316,0.814939119326,0.129341199401,0.00410011682284,0.000598499653484,0.0239164381475,0.010174453457,0.0111423583916,0.00450765561709
