0,1,2,3,4,5,6,7,8
0.629507457584,0.00308803968813,0.00364387582193,0.00177882604296,0.000782758279008,0.0449421441124,0.204207874598,0.0939101928609,0.0181388310127
0.0107958873322,0.00138222658134,0.00141381058524,0.0035147902833,0.000225103545928,0.73245582361,0.114801047661,0.12329571156,0.0121155988414
0.53597349528,0.0354651143986,0.0132945499185,0.00996410953318,0.00747398205474,0.0955197701032,0.023427930215,0.0423749699776,0.236506078519
0.851346074871,0.00140807442906,0.000623251273229,0.00146011972979,0.000921359776138,0.0220965197142,0.00351997741591,0.0477553890398,0.0708692337508
0.388003213369,0.0185768839294,0.00488280012083,0.00233617990279,0.000422201324173,0.326936094781,0.0451331526558,0.198039993092,0.0156694808252
0.291173352579,0.000616563476181,0.000751929339862,0.000342437255071,0.000270499216377,0.0433031209637,0.0145008255228,0.0475695964498,0.601471675197
0.214926854247,0.033843527519,0.0179683347379,0.00320853917608,0.000878261976763,0.0313546713598,0.00462770781693,0.433956618303,0.259235484863
0.886597849137,0.00324315708066,0.00170639882465,0.000306295027955,0.000137033877082,0.00541265189168,0.00228735805892,0.0962487402689,0.00406051583293
0.124920864302,0.00180508923501,0.00120871914558,0.000750785312039,0.000155784403875,0.00556333345366,0.0011374472826,0.0109744091347,0.853483567731
0.230833073559,0.0347059205621,0.0149899206031,0.00453313751843,0.00130131050398,0.156388620978,0.0817050760419,0.152510976091,0.323031964144
0.986496776059,0.00310058967316,0.000146817593283,0.000232000899215,0.00108993629721,0.000685906538442,0.000289103578158,0.00558854194392,0.00237032741771
0.042739891959,0.00878753496884,0.00559859028572,0.0125718867015,0.000754292637129,0.60661079082,0.286879412347,0.0118233544609,0.0242342458195
0.0322710863418,0.0058476909081,0.0113433121103,0.00247453904786,0.00815319505452,0.035716137193,0.187558364415,0.7043215793,0.0123140956298
0.878157094636,0.00372723000259,0.000801779141528,0.00132439701922,0.000706617352226,0.0817806452126,0.00735404673658,0.0130989971596,0.0130491927401
0.639287079796,0.00938473585265,0.00562255414713,0.00324185539702,0.00290341544426,0.0341744198629,0.00903253223977,0.275718626992,0.0206347802683
0.468699199712,0.0179996834442,0.00854449366187,0.00124437055506,0.000262679095496,0.0362444675616,0.0208046882653,0.236915678297,0.209284739408
0.0738897886714,0.609682839049,0.0743410846263,0.0211349847484,0.0405153641519,0.0450414213545,0.0441896349763,0.037353393406,0.0538514890164
0.201008482389,0.0121418148954,0.0166216507261,0.00151015485042,0.00013045033674,0.00975482532655,0.0660533304503,0.690168536292,0.00261075473324
0.990394853619,0.00117002403259,0.000233604886717,0.000153953914602,5.17143870405e-05,0.00347986395069,0.00070733053379,0.00186743185301,0.0019412228224
0.925539496493,0.00204354160694,0.00093433617251,0.000738446666079,0.0010444483235,0.00987005990433,0.00286568018031,0.0396247147642,0.0173392758886
0.898105650487,0.00194507488909,0.00539965266554,0.00189219602915,0.000898356288421,0.0126287698208,0.0179805255623,0.0365108674687,0.0246389067893
0.418749866296,0.0189738215671,0.00645542955313,0.00107029750757,0.00161199248456,0.0140482473666,0.00427593559727,0.241296968105,0.293517441523
0.691251570749,0.00237243317238,0.000539496103007,0.000507751595479,0.000325138548435,0.00996063340307,0.00359431457774,0.0712838730915,0.22016478876
0.991694489052,0.0001562908027,0.000675658986736,8.46901743051e-05,1.35761559977e-05,0.00237053471094,0.00153767196452,0.00129393902235,0.0021731491302
0.568080907314,0.00214501422559,0.00143849047063,0.000972370315463,0.000334870153329,0.0435503023675,0.0171228368786,0.349872936526,0.0164822717496
0.104072374784,0.0837961207101,0.0748493477792,0.0275797876083,0.000310196873117,0.0193964114028,0.0198566020487,0.00927573212753,0.660863426666
0.181416465803,0.00237930340414,0.00161679180995,0.00110027822223,0.000244409995264,0.0114648585571,0.0185612927059,0.755880811823,0.0273357876802
0.342780144692,0.000568119618142,0.000561677017679,0.000199237501199,0.000119882975181,0.00546116436506,0.000913415491838,0.00347684144973,0.645919516889
0.0231322235867,0.0363193464152,0.00329039553561,0.00057928939183,0.000448350084975,0.00524844597686,0.000441760794785,0.00518991465421,0.92535027356
0.472446646813,0.00159211102588,0.00143777385573,0.000506161504211,0.000276768879506,0.00682864380897,0.00518458050589,0.0445033985822,0.467223915025
0.0100330882575,0.00254743542601,0.00241940608519,0.000349124342116,0.000425435994123,0.00444648301852,0.000355811236981,0.000967773800111,0.978455441839
0.0176435172382,7.66307600874e-05,0.000102008272618,0.000504447500006,7.9332259294e-05,0.96115639259,0.0155034949644,0.00313991384474,0.00179426257056
0.870871211803,0.000683980479093,0.00062896591304,0.000606049332664,0.000222009991156,0.0334141678006,0.00888353883255,0.041230323303,0.043459752545
0.680647502434,0.00106220233843,0.000217580278648,0.000898564572771,0.000256945052113,0.00279760109338,0.000647234555215,0.311800492569,0.00167187710649
0.225788641523,0.0143963161435,0.0173583235833,0.00877027177922,0.00186096273878,0.11086744284,0.446289025376,0.110054410944,0.0646146050714
0.0691764088882,0.0112081102326,0.0086750440216,0.0117761915961,0.00054269739466,0.0139908624841,0.00124557043963,0.00310175896896,0.880283355974
0.133110709588,0.137208010463,0.0878103479717,0.0334373320131,0.00296989931431,0.208539659831,0.321063429906,0.0245686534341,0.0512919574788
0.745454644939,0.000648720467294,0.000493906077132,0.000597451436955,0.000118281606314,0.0471721708217,0.0460276753408,0.153854615796,0.00563253351506
0.618757109168,0.00409118213858,0.00257250130346,0.00339944299629,0.00192785251325,0.165000794226,0.019560067591,0.0722938585198,0.112397191544
0.0823401081772,0.327078138284,0.0739942080505,0.026950072004,0.0557557434478,0.0390404812814,0.183270243363,0.15203776785,0.0595332375422
0.1887804091,0.00747449195867,0.0122280910016,0.00888777285432,0.000839983720395,0.204670192024,0.131371756093,0.187683935677,0.258063367571
0.615591299223,0.00725634604287,0.00274744499417,0.00123224611028,0.000385715698949,0.19559928944,0.0326112198173,0.059585584121,0.084990854553
0.22817741412,0.0149590866702,0.0104683298044,0.00227876871239,0.00190164346724,0.200804047014,0.0386406249889,0.0102892547566,0.492480830466
0.959753655522,0.000894695212068,0.00127622312396,0.000109998532069,4.61564477706e-05,0.00192002498353,0.00735034801605,0.0280076180803,0.000641280081928
0.00345935657771,0.000284263987967,0.000506725758553,0.00101719148087,0.000113179588409,0.981177115761,0.00428913889931,0.00711341118365,0.0020396167626
0.440472468508,0.00351076919537,0.00326790267636,0.000986590191003,0.000518190249474,0.0186888098808,0.0129066313486,0.19014124597,0.329507391981
0.282121760888,0.00114259763235,0.000938558656827,0.000621828714468,0.000144130365241,0.0124575866379,0.0667397607389,0.630106642838,0.00572713352841
0.0458338739984,0.341997214302,0.500059752703,0.0320587412873,0.000405482579828,0.00435063409207,0.0670340754669,0.00505179235488,0.00320843321588
0.43386683771,0.00582610315811,0.00187924893028,0.00101000597884,0.000404611162556,0.0354587098925,0.0131649602436,0.453001845543,0.0553876773807
0.956230069535,0.000510897798224,0.000623370557615,0.000282398774029,4.48919702302e-05,0.0198771855064,0.0100971375461,0.010370057331,0.00196399098125
0.00743318068287,0.00107060324773,0.000556126417231,0.000783889846905,0.000158985427735,0.0543813826336,0.0351523043081,0.889350100969,0.0111134264672
0.938143003834,0.0021323449392,0.00384724459751,0.00135824468165,0.000478367758412,0.0151865590117,0.0114529383793,0.00213038510403,0.0252709116938
0.462055417672,0.00398673175724,0.00224851844849,0.00156917817146,0.00323580812099,0.0184505658548,0.00497008771398,0.035656269475,0.467827422786
0.976689788996,0.00141277481715,0.00146877718011,0.000359867922902,0.0003331037799,0.0102046342718,0.00535610293123,0.00068206287888,0.00349288722215
0.10082116192,0.0141776515687,0.00351241379327,0.00303224914815,0.00127638384669,0.0286771838069,0.0158374593769,0.804954610873,0.0277108856666
0.475618080361,0.00110331602739,0.00174684811965,0.00292713951653,0.000705251401892,0.255681185272,0.00628954068603,0.0330984805158,0.222830158099
0.382624155083,0.0201615436819,0.00970814540602,0.00476384054313,0.0421097196681,0.0424105404032,0.026802502555,0.0418129109102,0.429606641749
0.360053354225,0.00738263367932,0.00330414157935,0.00848261227458,0.00356744809986,0.502751247266,0.0223591826202,0.0357159136903,0.0563834665647
0.687966483438,0.00144551038273,0.00117353101189,0.00141977523698,0.00031270611382,0.0266286984406,0.00322250736711,0.0146826322038,0.263148155805
0.514516577726,0.00186354203276,0.00309889956552,0.00199138791627,0.000554554893162,0.109557455268,0.0329458026756,0.0738236004105,0.261648179512
0.00643402599945,0.000441089505975,0.000271468382529,0.000330693920231,0.000768859607096,0.00212846909813,0.000398024397733,0.00219051912542,0.987036849963
0.432658137794,0.00594045175266,0.00238035473828,0.00269067053686,0.000231883612991,0.0212707140986,0.00692835176404,0.504112213296,0.0237872224069
0.478240062021,0.0076107784791,0.00991628258866,0.0111696703966,0.00448325296537,0.0686110599172,0.0185352281213,0.0561696984683,0.345263967042
0.182996187482,0.00446403648856,0.0056720694882,0.000952107129295,0.000393113076804,0.0190953738397,0.00918911376102,0.00279143129187,0.774446567442
0.00699910272191,0.000531708918466,0.000626470889808,0.00309547691201,9.69908640654e-05,0.963468303008,0.00801014668869,0.00939094199836,0.00778085799891
0.401298166332,0.0622514510127,0.0200040761566,0.00656114687152,0.00413512064726,0.0223469319728,0.115401973725,0.0587534937108,0.309247639571
0.441389009904,0.00310644242017,0.00544282670372,0.0016464177065,0.000617526653921,0.0695958854787,0.0203256634199,0.416412641774,0.0414635859394
0.730793944911,0.00788665294546,0.00362778810884,0.0020331340909,0.000701520534363,0.0136257668684,0.0254985919965,0.153395447569,0.0624371529753
0.947191199562,0.000270805101699,0.000277887578152,0.000131604755034,7.57603017099e-05,0.0102588813958,0.00557150107103,0.00674006617983,0.0294822940549
0.551935984967,0.00499899721558,0.00255622218673,0.00175083783925,0.000568998491421,0.0298426496151,0.0157250543252,0.0155772817269,0.377043973633
0.862159981744,0.00321210035937,0.00254821972384,0.00102712501607,0.000792814237722,0.0129229169126,0.00981646520158,0.020403547872,0.0871168289325
0.296206098099,0.103699902371,0.0403848716812,0.00664639372194,0.00107352584418,0.0693086469497,0.0508835140258,0.0920857460391,0.339711301268
0.675128114183,0.0021552900309,0.00161078113848,0.00321448564236,0.000697065890575,0.00597019676951,0.00275323015289,0.0128221653704,0.295648670822
0.322962344771,0.00807335343281,0.00304582243285,0.00660627948469,0.144428075155,0.0176032294299,0.0127760673404,0.368574405594,0.115930422359
0.462745285328,0.0208977127586,0.0103428920925,0.00822185944613,0.00657482535637,0.0445958214219,0.0932071950544,0.278402654469,0.0750117540735
0.465161910977,0.00293210953483,0.00439099685728,0.00204115542722,0.000629063082134,0.0179459327247,0.0472035771419,0.333490743637,0.126204510619
0.253646298678,0.0239610254501,0.0118623206712,0.0048763889996,0.0361768201045,0.0216224366012,0.501135475942,0.12144116011,0.0252780734436
0.807124075684,0.019629655967,0.00173870230081,0.00237634774742,0.000469155281052,0.00709231793634,0.00190962353607,0.0676515491613,0.0920085723856
0.508033109572,0.00260869958836,0.00170071735973,0.00479184364039,0.00035241945523,0.33911249684,0.0135611848723,0.0308555075304,0.0989840211416
0.822027606411,0.00226343419225,0.000481476008982,0.000577445929804,0.000175998194832,0.0217802395198,0.00170987361363,0.0384130260204,0.112570900109
0.750777579944,0.00384346729252,0.0032920226997,0.0017998058512,0.000502982225932,0.137457449187,0.031990346713,0.0630772489882,0.00725909709833
0.250541397844,0.0106863789377,0.0051793888579,0.00743090408045,0.000876300832662,0.290682757921,0.0116030961706,0.294856851283,0.128142924072
0.714680297654,0.00122822362912,0.00126836766624,0.000302034217945,0.000161589269269,0.00951723332047,0.00457356892615,0.238546459722,0.0297222255954
0.310757523871,0.06967820182,0.0222827853968,0.0160592108333,0.00927395067482,0.104336160372,0.0307626831717,0.10121187887,0.33563760499
0.268709430607,0.00401322335003,0.00272426433266,0.00642635579041,0.00197494575315,0.646495513007,0.0387685376344,0.0182915375649,0.0125961919596
0.587732184503,0.0112085572234,0.00675290753805,0.00580136609159,0.00140697687603,0.0622351097415,0.125401488798,0.128251455656,0.0712099535727
0.0679571434236,0.000764509758934,0.000745383802717,0.00319657087893,0.000165797193171,0.840464573262,0.0664276116114,0.0145709652134,0.0057074448555
0.174604834803,0.0480798154121,0.0213707141212,0.00827104368918,0.000562534420578,0.160319461842,0.317464312801,0.218665500497,0.0506617824151
0.0865734430693,0.000514821895649,0.000250390877903,0.000241916905392,0.000326476167133,0.0164212393277,0.000337769765066,0.00346467403629,0.891869267956
0.0328583549431,0.000655888424382,0.000403701546229,0.000344766177565,0.000156076011878,0.0173638417398,0.00160197607367,0.878969317723,0.0676460773608
0.192683756626,0.0470946183534,0.00444927034372,0.0819542363641,0.00820877855529,0.43057737767,0.00954429403717,0.0558951165902,0.16959255146
0.144046041934,0.00469205159308,0.00351011728602,0.00196103178057,0.00251097088038,0.0523131209414,0.752731576654,0.0238106164919,0.0144244724383
0.691220288563,0.0106957653849,0.0401289664626,0.00551316502084,0.00121887717367,0.0368976681458,0.0271015657569,0.0330766791159,0.154147024376
0.115175404865,0.00805682229198,0.00738416419133,0.00545375866312,0.000896684847659,0.29601086435,0.0192108410387,0.0321560411626,0.51565541859
0.306790444388,0.0331603396597,0.0110364993518,0.00452478274952,0.00161588217775,0.0761291484637,0.205713277071,0.338254216537,0.0227754096017
0.538281702988,0.0462437281302,0.0176729775228,0.0142524057577,0.0154582934757,0.0889737309348,0.0211348082145,0.0263870288966,0.231595324079
0.783308859339,0.000833165047244,0.000695121719086,0.00111369149911,0.000184232328981,0.0095024260836,0.00903152011448,0.0517038014647,0.143627182404
0.9871031425,0.00031037892166,0.000957746984457,0.000182606479201,0.000131799738639,0.00169461772009,0.00240080174767,0.0034622551484,0.00375665076017
0.814485533023,0.00284870384654,0.00184708746465,0.00101488516382,0.0010155549977,0.0209626776293,0.0156959410229,0.0800215261486,0.0621080907036
0.470900457948,0.00808549716258,0.00722700030695,0.00181276231076,0.000674668001902,0.0414614227299,0.0505569660813,0.321119582273,0.0981616431854
0.207986269369,0.00721631900827,0.00424153666345,0.00457055564874,0.00082340190243,0.112984798335,0.107383477711,0.262982805241,0.291810836121
0.764882324438,0.00282828889135,0.00124569046392,0.000875227230509,0.000241809125164,0.0260381123432,0.00707624551799,0.0326734564356,0.164138845554
0.343317875141,0.046826102997,0.0343676263642,0.0114549277807,0.00103434653084,0.101385581433,0.102090029549,0.341819945578,0.0177035646263
0.705789759578,0.00481874052185,0.00307717563931,0.00174451648502,0.00031534757782,0.00741450894998,0.00920006055637,0.0174529127359,0.250186977956
0.125982990905,0.0401602924787,0.0137739153634,0.00647212110794,0.00353143079199,0.0382559848061,0.723172606165,0.0386531760608,0.00999748232174
0.878340902215,0.000481291187427,0.000524967601546,0.000589959336316,0.00021133136318,0.0209112670974,0.00177719317389,0.0041325650301,0.0930305229955
0.631640371946,0.00476540622753,0.00423482941166,0.000745394219888,0.00016983018573,0.00346581430655,0.0131399976867,0.336729637499,0.00510871851697
0.956106321624,0.000584710719787,0.00037486527386,0.000292743604884,0.00019862865031,0.0117431114523,0.00842586145382,0.00225204552678,0.0200217116939
0.0634227589932,0.00670370737022,0.0168925401552,0.0033987015102,0.00130472401324,0.0438590839457,0.00211244722494,0.812853635926,0.0494524008612
0.531845868856,0.00432830600912,0.00376638656202,0.00186688241619,0.00212690622421,0.133147434176,0.0878002922476,0.111907971325,0.123209952184
0.116089057647,0.000831680899756,0.00131776401828,0.0010318414296,0.000508737512778,0.0236728169789,0.0290334168967,0.821695141499,0.00581954311827
0.135488229503,0.211859207151,0.0452111312786,0.0320072907559,0.0293704196248,0.0810812313902,0.0447191915199,0.0864454991982,0.333817799578
0.37330880959,0.016052942307,0.00369137777053,0.005621591321,0.00085877420142,0.417060511219,0.102445557368,0.0346639277539,0.0462965084689
0.211208582661,0.00494617081259,0.0123650737936,0.000946000748907,0.000233738723154,0.00964817874722,0.00485673143756,0.00935010595464,0.746445417122
0.848886256537,0.0367113373927,0.00306750771155,0.00143232711098,0.000281597707587,0.0320550829454,0.00764963740732,0.0282486335091,0.0416676196782
0.955433069965,0.000123458154177,0.000120995262315,6.72537682889e-05,6.95334566808e-05,0.0012281187113,0.0024201676687,0.0372042168033,0.00333318621006
0.128645901152,0.00299629857076,0.000931574649919,0.00349734632794,0.00270390174189,0.0465529944767,0.00155152541454,0.00787907948387,0.805241378183
0.197434604214,0.00874042129555,0.00524511178709,0.00289735913232,0.0119640300408,0.196748911086,0.00980865820091,0.241727477249,0.325433426995
0.133334822309,0.01096832066,0.0070200118882,0.00449727687083,0.00293739158115,0.0236337164459,0.0149122478956,0.0117562113235,0.790940001026
0.71462080788,0.00280974410738,0.00229106290076,0.00138127733984,0.000890775814695,0.0217263573792,0.00564710553325,0.0278705903584,0.222762278686
0.429930170715,0.00510530617582,0.00230363988797,0.00285964148601,0.000621536450429,0.030604473416,0.0691722685754,0.454155236042,0.00524772725115
0.499141095746,0.00781765312268,0.00761328747227,0.00264859809992,0.000613589396357,0.0550457368094,0.0126649147085,0.0509779066319,0.363477218013
0.811689451071,0.000518994375704,0.000702292139463,0.000275893646855,0.000234220946503,0.00999106660249,0.00380169164131,0.106242697675,0.066543691901
0.564493152635,0.00246303224271,0.00324084972468,0.00237862019048,0.000711153844729,0.212008313902,0.0670405008794,0.0976018007456,0.0500625758361
0.0232156873492,0.000317214956723,0.000694260068197,0.000173234916905,4.97002088325e-05,0.00154811035167,0.00128294226522,0.968152029406,0.00456682047679
0.988751402929,0.00215923642938,0.000313647773646,0.000218777186748,0.000196570401701,0.0011429512284,0.000933440634472,0.00167280387869,0.00461116953798
0.966395571185,0.000871455370475,0.000979211131388,0.000523540722529,0.000214172377692,0.00306332916381,0.0105835487436,0.0127307268658,0.00463844443964
0.792862193026,0.000859554605604,0.000639737787482,0.000770281098537,0.000270618594258,0.0152990739226,0.00287267396163,0.0239159803454,0.162509886659
0.94515805521,0.00093084064971,0.00227939507306,0.00136051712375,0.000358013624599,0.00763401690128,0.00803645975334,0.0217486440936,0.0124940575702
0.901561243031,0.00033750757531,0.000266509478457,0.00109940760515,7.35149503748e-05,0.0101113550098,0.00415304479055,0.0800893407355,0.00230807682423
0.251417207361,0.00845304462817,0.00241025377155,0.00138415262178,0.00103659666205,0.00606066671053,0.00256835585761,0.0161868746689,0.710482847719
0.799444899407,0.00143025209017,0.00319686407764,0.00651079689916,0.00113398993265,0.0796374681658,0.0263673395794,0.0436072893724,0.0386711004762
0.904880803943,0.000382988718987,0.00045459360162,0.000105430518629,5.34368805256e-05,0.0040544750408,0.0254298114609,0.0606986243052,0.00393983553013
0.128865173391,0.00300482569967,0.00182626344702,0.000294088373064,0.000174003279278,0.026062017549,0.179419966979,0.657974189845,0.00237947143733
0.419206430468,0.00121853330689,0.00100554887768,0.000830301419505,0.000297618993589,0.134031398937,0.00658180760741,0.426392934235,0.0104354261556
0.850321243502,0.00194663665255,0.00165172416294,0.000431622515394,0.000675650016594,0.0111827485251,0.00596638688894,0.00952105894967,0.118302928787
0.122514053245,0.0132419760403,0.0220960640296,0.00190053849197,0.000109137565298,0.00366748429841,0.00261132140699,0.0017604892693,0.832098935653
0.547605932143,0.057627963954,0.0203403406725,0.0157040967638,0.012082923109,0.0493899164298,0.115495700013,0.0707738090482,0.110979317867
0.0216948113227,0.620430894749,0.287780449237,0.0518898919491,0.00022844344531,0.00107713175891,0.0136057697289,0.0012352874587,0.00205732034992
0.439140096909,0.00866990383195,0.00456829077597,0.00365814433046,0.000678140626308,0.0633329453339,0.0587535505133,0.397075697863,0.0241232298157
0.661605607848,0.00386076564,0.00391071101837,0.00159725248363,0.00102592737849,0.0179807699837,0.00774091705464,0.0359412193842,0.266336829209
0.584784923745,0.00154793553166,0.00107433918204,0.00110487719262,0.000308432077775,0.0143750445405,0.00836526982861,0.0148761940482,0.373562983854
0.740104202377,0.00715314304369,0.0054605332961,0.000999037041398,0.000220286379294,0.0247673845877,0.0134308083507,0.021146180128,0.186718424797
0.0571350674408,0.00190665102418,0.00236180743925,0.00175082010119,0.00164397125608,0.17439701449,0.0334058093956,0.678735511513,0.0486633473406
0.668355093136,0.190489965404,0.0949899265698,0.00790435691283,0.00294070762245,0.00196739145987,0.0287437278166,0.00120726024153,0.00340157083639
0.268581772415,0.00213184662416,0.00178290015648,0.0005244834769,8.33850501082e-05,0.00697285651631,0.0343137634607,0.684874153141,0.000734839159936
0.610425241887,0.00156981375275,0.00145874218211,0.000920077014075,0.000362424082149,0.030364510171,0.00864046020725,0.164404673829,0.181854056875
0.14424048833,0.00359715946789,0.0015339452881,0.00057326273438,6.06848525712e-05,0.0024113491448,0.000590627925915,0.000773007150616,0.846219475105
0.611964836698,0.000985559060522,0.000850318465379,0.000288142135546,0.000680033390717,0.0204627787761,0.0023439322926,0.276482615223,0.085941783958
0.456406828282,0.0449174605337,0.0355721891879,0.0212996266036,0.0189357612477,0.137198508766,0.137355904402,0.112243942573,0.0360697784041
0.528631136837,0.00314322679622,0.00167573039828,0.000879902211606,0.00389101791041,0.015312549166,0.0214526091357,0.386388896335,0.0386249312096
0.816299477541,0.00852324002206,0.00446681961937,0.00253638264474,0.000697700901618,0.0467752666141,0.0397067004495,0.0519985782846,0.0289958339227
0.573483490774,0.000567281089219,0.000438265056095,0.000284936751545,7.97840251249e-05,0.0219490040878,0.00384865493963,0.398448516825,0.000900066451302
0.157459535787,0.00462223234619,0.0107465702628,0.00437349424591,0.00011645797998,0.0115576436331,0.00896606689667,0.00233543703172,0.799822561817
0.9238904545,0.00070533339515,0.0014778519496,0.000252438497952,0.000133279850094,0.00980994861999,0.00471899745688,0.00344711784727,0.0555645778829
0.255926699146,0.00757307625978,0.00390390499349,0.000628574389151,0.00025848212461,0.0172205182734,0.00482736116656,0.010943796583,0.698717587064
0.898582762837,0.00119414982776,0.000697072827181,0.000448658846959,0.000732713079394,0.00507512752289,0.00383061991166,0.0236572322133,0.065781662934
0.00627031656708,0.712664030803,0.258821239144,0.0114088035524,0.000152143492022,0.00143686141868,0.00738198928636,0.000968193632636,0.000896422103981
0.00469869055366,0.000277399128001,0.000310769354443,0.00110835037023,0.0001475217444,0.984435648705,0.00511192717291,0.00274687315039,0.00116281982142
0.628094169763,0.00355516475686,0.0103342983403,0.00433046848618,0.000793187799894,0.147239292186,0.00878955618967,0.126079346912,0.0707845155654
0.174109075461,0.0133791571655,0.0165317603384,0.00214856324569,0.000450779864794,0.0610303930294,0.634807367483,0.0156414133222,0.0819014900892
0.959895751287,0.000156367891081,0.000154609236575,8.561866374e-05,8.38117594824e-05,0.00869110612513,0.00387155889986,0.0191417477438,0.00791942839335
0.000833800627062,3.26315716863e-05,3.18621446185e-05,0.000507948513617,2.92536949343e-05,0.996811504918,0.00107283550965,0.000455763341113,0.000224399678979
0.0695852631725,0.021390377993,0.00992681720047,0.00869638297274,0.000901202268195,0.564022874747,0.00623956021106,0.0482920837552,0.27094543768
0.885182578842,0.00240712727216,0.00175222349721,0.000577928548095,0.000330269601401,0.0114585133696,0.00936966227401,0.0369233713414,0.0519983252546
0.472613409789,0.032809733064,0.00699929183267,0.00871337848835,0.00907242681961,0.0178315900866,0.0416654084484,0.174970771544,0.235323989927
0.443573605013,0.00105672753989,0.00108740508802,0.000322272025513,0.000257931458497,0.0166571956655,0.0207874881239,0.512788463439,0.00346891164644
0.2105944485,0.0640198261853,0.0325807288079,0.0353698398061,0.00312968460286,0.485353575193,0.0853215921389,0.0598831647402,0.0237471400256
0.889952904825,0.003239037334,0.00213137609726,0.000846025614375,0.000361945918982,0.00929684708921,0.0688124830451,0.0164382516408,0.00892112843509
0.127862309092,0.0911230054955,0.0164857150149,0.0350446578626,0.0245590227598,0.30077592983,0.224580256807,0.090304902408,0.0892642007299
0.968813805224,0.00456503691292,0.000633475476429,0.000420642454161,0.000224849895336,0.0019646526714,0.000408436957745,0.00239313655789,0.0205759638502
0.886917679263,0.0012176949964,0.0013202620957,0.000216325010268,8.71701421777e-05,0.00436588120512,0.00526919758183,0.0920920791622,0.00851371054297
0.229255461483,0.0184433925264,0.00334806499543,0.00162819358325,0.00241983108925,0.0464705902903,0.0174297240696,0.223830757388,0.457173984574
0.905839274892,0.00466587409993,0.00652534266473,0.000753292364101,0.000160576919379,0.00946532663611,0.00912555129132,0.0551835869917,0.00828117414053
0.206456778811,0.0601791691377,0.0160582768618,0.0117272669256,0.00206417751303,0.223088835017,0.394022115445,0.0563085877415,0.0300947925472
0.35899180357,0.0043869976583,0.00463800585752,0.00168474145678,0.0026882844779,0.0306800891338,0.00470838637693,0.559431706153,0.0327899853151
0.975878054126,0.00561238908211,0.000816313220754,0.00127738185651,0.000335129615562,0.00359012582897,0.00139940579572,0.00637193437558,0.00471926609858
0.565960607721,0.00290114273902,0.0012126326976,0.00108721507125,0.000190778582917,0.276941570713,0.00241247681201,0.00541863994731,0.143874935716
0.461751549605,0.0190129938476,0.0174172669515,0.00644977953328,0.00126380499445,0.169723740323,0.0994324705695,0.164307706074,0.0606406881023
0.584597025469,0.000387175670432,0.000658701239751,0.000231674190566,0.000485883709223,0.0163081593612,0.00836692940413,0.38054938254,0.00841506841548
0.211703142586,0.128033730327,0.0660567605212,0.0235379051292,0.000602171012934,0.0145489310666,0.0321450226419,0.0135161910411,0.509856145673
0.302118752113,0.0106451454041,0.00477630869164,0.00412006934634,0.00113056927557,0.0161505545283,0.00733752979372,0.0245387444977,0.629182326349
0.795394604319,0.00262219805807,0.00593009763278,0.00138173794869,7.22978214274e-05,0.00513811388812,0.0600875852,0.114332007531,0.015041357601
0.24653865305,0.00614068149025,0.00864995978073,0.00138580730497,0.000666590962888,0.0233738245475,0.047194562872,0.649636950919,0.0164129690725
0.0924317374105,0.00387462667661,0.00257250859392,0.00252275274271,0.000243195794623,0.0561612972785,0.0159472724751,0.678887153564,0.147359455465
0.325620208877,0.00880230457451,0.010686038913,0.00957388014242,0.00117339540996,0.0559386859884,0.0915387551582,0.196311033692,0.300355697245
0.481631803994,0.00672160711499,0.00451088611483,0.0018119517796,0.00122134565768,0.0666998346942,0.0730434605389,0.0171065338644,0.347252576241
0.125494400318,0.000914288591299,0.000412621662717,0.000356984475301,9.95680114437e-05,0.00521449516393,0.000888616579823,0.00588087235415,0.860738152843
0.360423235081,0.0037151445593,0.00471666943061,0.0017767084303,0.00094102425997,0.0154015970105,0.00104260221209,0.00503392382163,0.606949095195
0.916547168306,0.000461562034687,0.000621146096611,0.000363966028753,0.000178812365614,0.00473536948033,0.0043016482151,0.0208347379032,0.0519555895702
0.541941141062,0.00188688781638,0.000838380408899,0.00206681666758,0.0003693142216,0.0613504222481,0.0198536075085,0.334349779354,0.0373436507137
0.768222445097,0.000764136642678,0.000615338591183,0.000114959452418,0.000329183960117,0.00397722752362,0.0043099641734,0.19894107203,0.0227256725296
0.109091274133,0.52839027211,0.292581611016,0.0106667608819,0.00021730364135,0.00349727495581,0.0524572070399,0.00103157309176,0.0020667231306
0.798089510475,0.00078914662549,0.000447147977924,0.00025225308704,6.66171802602e-05,0.00256237697952,0.0038440959049,0.189008464468,0.00494038730106
0.717285143904,0.00337302460823,0.00113718199584,0.000440486840766,0.000174116143121,0.0126135721815,0.0109608313574,0.160848634861,0.0931670081088
0.0690944954689,0.445800527948,0.0610008009304,0.026129782436,0.00204054943382,0.0566248218358,0.0158586562223,0.0210495907135,0.302400775011
0.00333162416917,0.461666871467,0.285690109269,0.20438113513,0.000575592008528,0.0108802762248,0.0189560962473,0.00252805781696,0.0119902376678
0.000603579078854,0.944202257432,0.0371853206264,0.0145804271327,0.000165165788946,0.000519648771035,0.00108756618952,0.000934050651507,0.000721984328547
0.00124599374451,0.462899250786,0.519091885106,0.00862450044526,0.000453675042999,0.00115777336623,0.00217405037304,0.00195751236016,0.00239535877601
0.00086238892822,0.576988868318,0.332944910891,0.00195127648656,0.0283690855781,0.0375883546353,0.00210894385929,0.0177825955998,0.00140357570439
0.000976648094811,0.484661383292,0.296275394901,0.170007676099,0.00294505144187,0.00157143157574,0.0420085634914,0.000873856322981,0.000679994781392
0.0010156526514,0.98573826295,0.00591972373112,0.00405686463518,0.000141780296783,0.000956255612661,0.000871891461751,0.000485911922381,0.000813656738824
0.00136512661967,0.812623221746,0.143902325172,0.00318326275069,0.000680421321147,0.0246592092971,0.00386126715733,0.00798870767729,0.00173645825927
0.0037123503838,0.789893960485,0.118564990904,0.00848088358457,0.00242924659384,0.0451566975489,0.0159782402467,0.00551512140278,0.0102685088508
0.0013296585336,0.926571438152,0.0477523481898,0.0170469952314,0.000155703395051,0.0016331534153,0.00357480673883,0.000603545680248,0.00133235066374
0.000637048152939,0.870084450361,0.104196958787,0.0222826215835,0.000289214225952,0.0007689875226,0.000996675170956,0.000360296881445,0.000383747314823
0.000645007494543,0.85175899114,0.093294067747,0.0446971271047,0.000704225311208,0.00149807643071,0.0068424855343,0.00032456571775,0.000235453519395
0.000611616145329,0.573326530314,0.385287639954,0.000696727479259,0.0252904911982,0.00274901100171,0.00212529375983,0.00884581973464,0.00106687041313
0.000252532732423,0.981357856606,0.0123893581959,0.00392688112479,6.23963996693e-05,0.000155443053426,0.00102799703711,0.00026730222803,0.000560232623165
0.000174995169197,0.981845281435,0.00828209021615,0.00204093628327,3.18900000372e-05,0.0001667286737,0.00706557413377,0.000253060142277,0.00013944394633
0.000906452834872,0.921108450043,0.0581641630734,0.0131415173276,0.000130502694167,0.00242456738829,0.00208741082096,0.000717047472358,0.00131988834527
7.72825909387e-05,0.991385077432,0.0058068019316,0.00117671622195,2.46139905421e-05,9.86845651044e-05,0.000686685146528,0.000676264308675,6.78738130621e-05
0.000741683075371,0.543014444242,0.436917946279,0.00119368127731,0.00134694846988,0.00263578357158,0.00413842579434,0.00955684507802,0.000454242212478
0.00247427711185,0.86730754786,0.079851296227,0.013203908604,0.0149147762815,0.0021694709399,0.0131937903577,0.00459998719617,0.00228494542164
0.0014537671613,0.586593903856,0.321281915257,0.0749447927543,0.000756041447869,0.00529745021373,0.00776132692288,0.000906011264564,0.00100479112241
0.0629861038358,0.0995627404665,0.219952602651,0.0270617481966,0.000573996097074,0.0142012750646,0.47190200751,0.0893280846879,0.0144314414907
0.000100403922098,0.9712014208,0.0131702661554,0.0145476747523,0.000424304183719,0.000153665471811,0.000268248700563,6.89602012729e-05,6.50558124966e-05
0.000412500285477,0.898247552376,0.0850833377531,0.00958450881539,9.55830506484e-05,0.000268356071533,0.00578838007656,0.000255049688083,0.000264731883559
0.000435337818286,0.671956909726,0.228245773415,0.0973897183423,0.000373511100659,0.000432739643834,0.000505836078682,0.000390289972877,0.000269883902126
0.00187862240301,0.822804447702,0.0754450276856,0.092543738909,0.000372646760392,0.00245336345233,0.00139847485359,0.0018471141187,0.00125656411528
0.00011041803848,0.956385289663,0.0146384711434,0.0280095116678,0.000107384192726,0.000111311074758,0.000335231690412,0.000141570492592,0.00016081203681
4.67892342471e-05,0.982419179695,0.0140955012065,0.00314021584259,2.32872396852e-05,3.47030536484e-05,0.000164111487715,4.35323031959e-05,3.26799378508e-05
0.00351355585638,0.364321852641,0.0591428806434,0.551437224736,0.0011422781487,0.0044548132296,0.00291973036998,0.00500044565099,0.00806721872421
0.000260281402128,0.975361798752,0.0075908029206,0.0144939172964,0.00100941206232,0.000122809834069,0.000261045054377,0.000171834475048,0.000728098202832
0.00143820853394,0.450299556439,0.383961387486,0.146899535551,0.000182755715182,0.00108505417609,0.013183675818,0.00195483056882,0.000994995712469
0.000755793761946,0.640099319837,0.307871946075,0.0459703423409,0.000197419776452,0.000480107448982,0.00353423328528,0.000680893091514,0.000409944383568
0.000712331376123,0.946544444594,0.0292995781669,0.0192169767007,0.000367667827098,0.000563034324691,0.0016340857645,0.000632416986459,0.00102946425918
0.000840297801054,0.858917315319,0.121677754828,0.0121395141741,0.000132845303895,0.000921483459503,0.00148703859458,0.000529473204883,0.00335427731548
0.00300471636434,0.518161919464,0.404523654904,0.0619501766978,0.000199108334838,0.000634594920559,0.0103422261081,0.000703865961348,0.000479737245209
0.0013315581783,0.671692453957,0.245021663512,0.000750055502508,0.0466008549884,0.00481890681765,0.00394088293975,0.0239544272441,0.00188919685979
0.00394661845193,0.944722823495,0.0193949139142,0.0115951372902,0.000275458580506,0.00349644668996,0.00215493134965,0.00334772708522,0.0110659431438
9.70104059475e-05,0.97076490429,0.0247247894273,0.00382167963194,4.52531956625e-05,7.95525138692e-05,0.000339067122242,7.05338999182e-05,5.72095128789e-05
0.000402970979559,0.892607686002,0.0996428625247,0.00570068917914,0.000152151386687,0.000648272545986,0.000321684493406,0.00027565042914,0.000248032459704
0.00063047900511,0.878735780102,0.0355806336105,0.0764993982232,0.000607163981309,0.00390549864483,0.00208605386988,0.000997393050862,0.000957599512081
0.0128949524961,0.720829590611,0.136238446074,0.0328156611234,0.00289244513332,0.0173577977825,0.0488967382053,0.0114466460213,0.0166277225532
0.00385394194988,0.497806646353,0.369056436069,0.036630206933,0.00818579316807,0.00734271537419,0.0671754255851,0.00611194439242,0.00383689017582
0.00110231874613,0.908719750876,0.0769350399146,0.00799390151537,0.000120908959711,0.00100785762278,0.00198695806922,0.00154990226859,0.000583362027603
0.000537205674528,0.806674584633,0.143579783712,0.0452286917937,0.000175147875523,0.00080247864139,0.00192320837959,0.000385453129805,0.000693446160127
0.001405422737,0.873362234123,0.0960804069533,0.0141602598697,0.00549258535429,0.000972442424396,0.00260239126342,0.000939970329424,0.00498428694563
0.000342145365816,0.32560048259,0.637737793566,0.0340289846798,0.000110751531018,0.000229814114156,0.00133167590669,0.000403198144588,0.00021515410207
0.000381228529064,0.958387556657,0.0296437095447,0.00797248702963,0.000137180102383,0.000696005868193,0.00120556753296,0.0011835881596,0.000392676576369
0.000503939809427,0.809964332937,0.148982097529,0.000536458172907,0.0302173124655,0.000700165813041,0.000810574235535,0.00745034487775,0.000834774159585
0.000521583822779,0.635849488967,0.333564724074,0.0283798940743,0.00024054002163,0.000495984992135,0.000427608511331,0.00028443024199,0.000235745295017
0.000194402984871,0.740476870147,0.211057561662,0.0464868498444,0.00011011935221,0.000215592017859,0.00108413812692,0.000170678390073,0.000203787474819
0.000196220129177,0.988483642435,0.00957748028094,0.000775215698951,9.64951969073e-05,0.000258104871916,0.000170490027243,0.000264761227493,0.00017759013278
0.0048101430828,0.608047264187,0.248159139105,0.0197590140616,0.000988243483235,0.00571964082268,0.0395912952965,0.0681993553321,0.00472590462891
7.08428878627e-05,0.739805778765,0.256678437501,0.00297786615199,4.22587618938e-05,6.99718032755e-05,0.00020186297314,7.4740918545e-05,7.82402365473e-05
0.000562708657549,0.734225846772,0.162298586338,0.0972159285636,0.000351639796376,0.00228078331135,0.00145245904956,0.000754560416029,0.000857487095771
4.77089621705e-05,0.988027165404,0.00133211084655,0.00960554731618,1.36787152382e-05,5.39431223896e-05,0.000704329741983,5.75236841303e-05,0.000157992207672
0.0123932795695,0.626997525652,0.167965967721,0.0815008232249,0.00204753042207,0.0147750302689,0.0270321046382,0.0418403656874,0.0254473728162
0.000140643095913,0.988013811036,0.00848558663896,0.00257563856504,8.45123133079e-05,0.0002274631063,0.000227667839836,0.000109726124312,0.000134951280177
0.000817560751006,0.793315341965,0.169196596532,0.0267464932219,0.000159021833646,0.0012231379679,0.00703129229674,0.00108051893079,0.000430036500829
0.00745381378361,0.531496163825,0.169092263921,0.211038497176,0.000743512109462,0.0281832494566,0.0268649760889,0.0156744569917,0.00945306664857
0.000630971731053,0.971052522791,0.0129315861172,0.00213154271804,0.00953625684465,0.000463486663797,0.000844901708708,0.000610008194649,0.00179872323076
0.00186706035437,0.936886254223,0.045534215501,0.0118121684496,0.000323036652403,0.000395696934738,0.0019938148662,0.000915398012982,0.000272355005767
0.000272439690789,0.942191057196,0.0233379166587,0.0323989964643,0.00010846132751,0.000209068387562,0.000603114025923,0.000372544584625,0.00050640166433
0.00260005223636,0.637619712799,0.257930317135,0.0350964856994,0.00144259892227,0.00402995897534,0.0398235430684,0.0165370874094,0.00492024375512
0.000265973273992,0.588894996118,0.386394862858,0.00055874377543,0.000689835571321,0.00136019920899,0.00183410560751,0.0197527007614,0.0002485828254
0.00107954168965,0.799335818379,0.166293674194,0.0132434436627,0.00034102515045,0.0109600605379,0.00413807897016,0.00291817436406,0.00169018305265
0.00159040928693,0.917123165064,0.0729252724995,0.00175282792062,0.000811515813342,0.00108133583519,0.00255023988983,0.00161735622614,0.000547877464078
0.000126887540315,0.973414842471,0.0234030416,0.00223351694607,4.01928961349e-05,0.000154874291388,0.000373095933834,0.000172563849345,8.09844715305e-05
0.00426417412142,0.583897607925,0.356794246783,0.0442418836647,0.000264328263587,0.00205002540944,0.00324492493541,0.00108925191873,0.00415355697853
0.000390671481326,0.729654932744,0.0101324364467,0.256824389917,0.000305527952662,0.00128784390206,0.000995132901737,0.000226629142469,0.000182435511604
0.00262745542102,0.889227322366,0.0228243840107,0.0436238579239,0.0256086863577,0.00221652537882,0.00753876252994,0.00127867041769,0.00505433559375
0.000331425007359,0.987913737416,0.00750902418361,0.00150549850242,0.000539626063566,0.000282016112732,0.000606224490036,0.000654748889197,0.000657699334614
0.000122096819567,0.986658939076,0.00924338305513,0.00210091665603,8.61019726908e-05,0.000223618090478,0.00127471637775,0.000170738143072,0.000119489809678
0.000360067958527,0.921889700196,0.0612698068248,0.0150052091078,0.000150397087368,0.000216322214938,0.000425884830525,0.000247027408365,0.000435584372087
0.000162856160219,0.731734223918,0.259541913486,0.000579589038414,0.000986651046151,0.000683712025669,0.000997644223492,0.00508421153327,0.000229198568525
0.000395815629309,0.844031437692,0.142798503347,0.00939328586526,0.000624599788326,0.000508713911684,0.000958095766546,0.000605958448134,0.000683589551631
