0,1,2,3,4,5,6,7,8
0.457348926873,0.0142198641797,0.00589236218879,0.0048447964825,0.000871813596331,0.0799814905101,0.0115125573253,0.0416243683217,0.383703820522
0.805754991973,0.000951429521476,0.000743916927921,0.000574484458889,0.000840250568454,0.0134623788637,0.00562194437309,0.00801772893413,0.164032874379
0.202814974383,0.0254758005217,0.0186118345066,0.0021268911907,0.00113196722178,0.0236441703077,0.00523496970527,0.462955679577,0.258003712586
0.4131738097,0.00379625903727,0.0158992950938,0.0407921310375,0.00108796680409,0.209883043413,0.257051803547,0.0494083880225,0.00890730334459
0.125282515012,0.00214111503371,0.00152914423344,0.000710452292192,0.000630798695307,0.030298086202,0.00224484745572,0.790621223748,0.0465418173279
0.663132436834,0.000652037138713,0.000433320538431,0.000565323386921,0.000687618811411,0.0186679300571,0.00231988988003,0.0111687777114,0.302372665642
0.663011113968,0.00370988698013,0.00181537027578,0.00046446325129,0.000328010249406,0.0142063910304,0.0143095319288,0.279408125422,0.0227471068944
0.0630236542877,0.00133705597121,0.000842112454247,0.00042962987272,0.00037265615656,0.129067625072,0.00295684487452,0.781037961254,0.0209324600565
0.826000297434,0.00146377690377,0.00113218659804,0.00092467735165,0.000535951344586,0.0875945444823,0.025302435211,0.0387681337563,0.0182779969178
0.0894967355704,0.00232001633043,0.0026128948758,0.000383216884447,0.000369488170848,0.00270747604665,0.000997240398467,0.0039243414766,0.897188590246
0.655462191693,0.00103870757033,0.00122522612242,0.000306600522091,0.000265693811953,0.00404870890978,0.00116151434602,0.00245023066065,0.334041126364
0.701523997702,0.00525252821089,0.00511851924155,0.00157499203625,0.000976041209943,0.0191096041781,0.00906870770684,0.0908587887948,0.16651682092
0.833308400134,0.000254320098787,0.000756424275589,0.000133182195679,0.000509111937548,0.00959531643255,0.0142791692337,0.0157723562603,0.125391719432
0.732888032209,0.00062372982492,0.00105225180938,0.000238080109557,0.000115359336548,0.0104408885761,0.0349934659741,0.217915272365,0.0017329197957
0.242798700002,0.00457613475155,0.00202296472379,0.00217987652449,0.00108334364049,0.249689545023,0.00800401181413,0.0426180108014,0.447027412719
0.793406820791,0.000414544415978,0.000419692729743,0.000288744412032,0.00022443817602,0.0106661866008,0.0606870631471,0.129397977378,0.0044945323491
0.109534853172,0.000635941214665,0.000588741511513,0.00038934075497,0.000372655282378,0.0323125811431,0.00139302756728,0.00582301543043,0.848949843924
0.665626286532,0.000528972238427,0.00151335174351,0.000661234857219,0.000108481364554,0.0154754458311,0.00145600836969,0.0532552016232,0.26137501744
0.336916518051,0.206092442801,0.12288479347,0.0981516542171,0.00080365116293,0.0210578655954,0.0588992842772,0.00815171719507,0.147042073231
0.0538023586635,0.00624288236568,0.00360828086953,0.0251524077986,0.000263830818098,0.863575582735,0.00579201134172,0.0291423444337,0.0124203009738
0.818225197102,0.000327896784546,0.000465797388341,0.000468016093837,0.000182931929758,0.155424303847,0.00981096020933,0.0126023563994,0.00249254024639
0.505478896555,0.00222729403459,0.00202497623695,0.000715689599196,0.000393750253092,0.0173579656686,0.00412683641343,0.0174830929163,0.450191498323
0.107504634162,0.0365101264041,0.0342367214653,0.0276475556863,0.0216295183474,0.0493840949122,0.39163226497,0.256563782733,0.0748913013194
0.218269892412,0.00198016090577,0.000782208236987,0.0005095568379,0.000472477474812,0.00969608057817,0.0284430587649,0.734375693826,0.00547087096301
0.0670480702274,0.000761633379083,0.000508814776487,0.00219001058139,0.000230272074824,0.835512602123,0.020193566706,0.0109432573853,0.0626117727466
0.0385545589486,0.01283511626,0.00262201236857,0.00376131746702,0.00118574358601,0.0108202678005,0.00244808390571,0.89942127902,0.0283516206441
0.221067975111,0.0047559201392,0.00948310951996,0.00478565089749,0.00137336635713,0.315336337087,0.0965581705611,0.106672131601,0.239967338726
0.688392192413,0.00446012935223,0.00305904464066,0.000851596379187,0.000665931482777,0.165880375087,0.0338374815281,0.0343357619463,0.0685174871704
0.990692522082,0.000168761508066,0.000729256215987,7.69888804966e-05,0.000146516497424,0.000942060817167,0.000868918820905,0.00272475269919,0.00365022247883
0.260762798404,0.00315370248098,0.00382402848347,0.00175972683442,0.000724003319808,0.131385933887,0.123964349318,0.333042727004,0.141382730268
0.206509704496,0.0125105100895,0.0111612600687,0.00248802863141,0.00118434864207,0.254259607312,0.0748527902019,0.0106888365052,0.426344914053
0.263115170928,0.0206144706692,0.0105027057485,0.0043193455808,0.00264858797162,0.0835123624734,0.0437716049126,0.53341029039,0.0381054613255
0.708580269983,0.000696874920721,0.000771740449337,0.000158603431424,0.000166633298914,0.00283649400905,0.00155062648046,0.00438723233655,0.280851525091
0.989146882356,7.55477761922e-05,8.69393829715e-05,8.55909059842e-05,4.98841255423e-05,0.00262547205684,0.000803316755974,0.00360631887392,0.00352004776659
0.305299940314,0.00516749608835,0.00253461390083,0.000651384908702,0.0015760789219,0.0212449848422,0.00797377926899,0.634289794754,0.0212619270011
0.00269759702282,0.000149794939439,0.000102776210547,0.00418311826898,8.18666663602e-05,0.987366740164,0.00248127929503,0.00247953632745,0.000457291105035
0.296051988546,0.00114796428847,0.000834560632205,0.000696221484015,0.000184963573619,0.0219332190054,0.105450565024,0.569490143344,0.00421037410211
0.308146449772,0.0763343550547,0.0414544632536,0.015040267452,0.0274656636692,0.120905493042,0.185943720492,0.122034467951,0.102675119313
0.189206407669,0.00253411757671,0.00118918261624,0.00113883267102,0.000817952853536,0.110286583046,0.00449493349492,0.0130515682737,0.677280421798
0.813793777995,0.000914594424665,0.00112336812226,0.000140096208459,0.000124921097519,0.00212166365841,0.0663197209437,0.113111339399,0.00235051815039
0.305365257806,0.00654446336912,0.0115924752363,0.02434245077,0.000585228431103,0.140373090887,0.157435311697,0.0588800908607,0.294881630942
0.110747448037,0.00212489636743,0.00230458544304,0.00123218491335,0.000225424705608,0.0443879892052,0.0183687341851,0.813657117317,0.00695161982557
0.513046988482,0.000780232949346,0.000844495067771,0.000213108972625,0.000143351628555,0.014600050882,0.0258204491566,0.4426791414,0.00187218146023
0.925970453509,0.015170485466,0.00250715824446,0.00182316385081,0.000240178356485,0.00505746823262,0.00241399037133,0.0096407268362,0.0371763751329
0.25713523976,0.0168159064345,0.0202697063681,0.00738485238624,0.0728058733431,0.0528402382445,0.0312042511754,0.0539839669141,0.487559965374
0.304388460645,0.000878850090049,0.0013796940801,0.00056009991247,0.000981558889493,0.0703842046664,0.0333061987112,0.54995136498,0.0381695680255
0.589936966623,0.13696985849,0.0226649613945,0.0220121492128,0.00160696075237,0.0701522656341,0.0107932501808,0.113668073426,0.032195514286
0.625005250071,0.00433777890018,0.00230292161649,0.000734821408968,0.000673006745806,0.0216216847922,0.239360537558,0.0944344906527,0.0115295082549
0.523278702084,0.00900445168196,0.00455075031944,0.000983993676849,0.000906210877758,0.0523832594943,0.23588124885,0.046554634797,0.126456748219
0.252764953801,0.000914293829316,0.00141577969353,0.00017669412571,0.000110655926286,0.00287430033375,0.0301080370991,0.698464991586,0.0131702936047
0.00564934896517,0.000588302287264,0.000318823308598,0.000694248961936,8.15576467105e-05,0.976098186753,0.00126086369477,0.0124717308901,0.00283693749228
0.0959701421878,0.0125497875378,0.0140120187975,0.00168285826787,0.000746829117084,0.23289241677,0.477421933799,0.129895357494,0.0348286560293
0.912054533988,0.00083209438575,0.000924507168681,0.000372148029577,0.000146173121508,0.00430305187339,0.00739507845014,0.0353590213854,0.0386133915976
0.933689378944,0.000606963720767,0.000293046542627,0.000157024877471,0.00010539072465,0.00938983106183,0.00613583079263,0.0184508674317,0.0311716659042
0.351118072742,0.0100825316387,0.0109598598727,0.0031995194466,0.0018889965666,0.0655718653635,0.0152282120274,0.437536754308,0.104414188035
0.0210213809262,0.0014152981595,0.00225347209608,0.00172824125794,9.8106790026e-05,0.0225016495612,0.000738080309907,0.0018212589598,0.948422511939
0.0112901707502,0.000579209885326,0.000843263562363,0.000150327355686,5.90871269138e-05,0.0019318038687,0.00271325068165,0.98128621335,0.00114667341944
0.865290622058,0.00993440008111,0.00597473978936,0.00657883467853,0.00190805200781,0.0343201714885,0.00502106242823,0.0383909712795,0.0325811461892
0.966194327918,0.000490378574495,0.00468980943237,0.00012105613361,6.3662495366e-05,0.00463374483494,0.0135114220826,0.00846111810285,0.00183448042589
0.544165639299,0.000923278419291,0.00146710690144,0.000487176907073,0.000435762491219,0.0734346547227,0.351290157431,0.0214456585931,0.00635056523468
0.0588975971577,0.00675643926952,0.00270711854858,0.00247516155416,0.000468676580261,0.00913264359416,0.00484512327419,0.00457023546945,0.910147004552
0.15242892176,0.00282502584197,0.00362657293876,0.00653755793586,0.00185447843389,0.428576935875,0.0192200193981,0.320431827226,0.0644986605904
0.554773020563,0.00167277295113,0.00219351059993,0.00102821149624,0.000335967298861,0.0254689763466,0.00787670565604,0.00614442036288,0.400506414726
0.121079320079,0.0144848608195,0.0102502618345,0.00408349533311,0.0012240917696,0.0537386060055,0.468891759988,0.320385130525,0.00586247364584
0.785913958859,0.000309048352359,0.000397796271353,0.00011395847895,0.000308220160767,0.00123857043354,0.018291803207,0.190758626018,0.00266801821916
0.117948778152,0.005568729169,0.0043723597947,0.000908003131963,0.000766970128463,0.0163579629966,0.00538639727413,0.762998649645,0.0856921497083
0.187023362342,0.00316539018234,0.00230978599213,0.00452109416952,0.000346888528281,0.684533474327,0.0287658085576,0.0185671662173,0.0707670296839
0.835764504033,0.0100184934558,0.00297989212308,0.00208435071246,0.000561180628052,0.0148019415433,0.00929627486874,0.105359563404,0.0191337992314
0.531856970345,0.0624736389019,0.0103440462566,0.0113638728135,0.0046018325451,0.184944904037,0.0194855010995,0.139937269778,0.034991964223
0.555242815141,0.00540082386723,0.00342632552458,0.00100728780384,0.00222151047199,0.0676483455634,0.0627167905916,0.266644422509,0.0356916785278
0.483756320326,0.00855367524819,0.00484928253705,0.00268130208527,0.000744787195131,0.22496552728,0.0600621570939,0.0351022739724,0.179284674261
0.0374963592646,0.000104599538796,9.21158191328e-05,0.00087864765663,4.04001760852e-05,0.953393860572,0.00383869434452,0.00301880477115,0.00113651785735
0.0484622257788,0.000759772648929,0.000538693016942,0.000262781678898,0.000282040287472,0.0030478301532,0.00252594493143,0.757311062695,0.18680964881
0.204753794618,0.102578637642,0.0969293516962,0.0167331087298,0.00750593093386,0.0369455974249,0.275524359652,0.135222662642,0.123806556661
0.020728134603,0.00254188341799,0.00434115712637,0.0011396394947,0.000261160818728,0.0395360093557,0.0027319023495,0.87973970498,0.0489804078535
0.615838458422,0.0215195141286,0.0747648040003,0.00134732826822,0.000569544682618,0.00680925666339,0.028129274424,0.055913289982,0.195108529429
0.974816207713,0.0006486832211,0.000867477964391,0.000435497120052,0.000324977226765,0.00712020873855,0.00287599414804,0.00122378619643,0.0116871676713
0.222957998787,0.00361716274787,0.00386277741483,0.000783045890962,0.000238209875441,0.00567000791589,0.00182083049744,0.00197702005875,0.759072946812
0.508494160118,0.000274233644816,0.000333631963936,0.00017317412034,9.5054576365e-05,0.00191998452787,0.0751739361335,0.411104117061,0.00243170785434
0.328999907133,0.0380854230866,0.0219711179017,0.00894826105358,0.002017125718,0.0544874733458,0.157097863684,0.359859014102,0.0285338139753
0.432230849661,0.00670481011776,0.00530846116198,0.00209441309173,0.000725466007753,0.0821672242996,0.007825877718,0.284370014236,0.178572883706
0.991360686122,0.000286150418867,0.000649459585921,0.000234012681677,0.000109823331087,0.00133790408657,0.00152771796456,0.00194196692204,0.00255227888742
0.704063654046,0.0304291069922,0.0184551089436,0.00499719204185,0.0011470263137,0.0999433920721,0.013985109834,0.0170010416206,0.109978368136
0.309104929038,0.0241296616252,0.0376533252522,0.0157793133291,0.000771969065527,0.0903239241925,0.115184843153,0.3764749132,0.0305771211445
0.145545971057,0.00142943461658,0.000946114368593,0.00081908153596,0.00059526723827,0.0892749417224,0.0780181129719,0.672427843735,0.0109432327544
0.180151802664,0.000308090178594,0.000379626152627,0.000196909272425,0.000178162955351,0.0288397000794,0.00811203553352,0.772900345834,0.00893332733057
0.477324684453,0.00597526696216,0.00407245067911,0.00354482995145,0.00194168334021,0.01746155362,0.0671180850145,0.384304053299,0.0382573926812
0.134890791368,0.00178047998034,0.00207499952069,0.00171426055453,0.000280002086932,0.106415077359,0.00908787868141,0.00505823902942,0.738698271419
0.235556275011,0.0128876861938,0.0305640442537,0.00240803127797,0.00315914072294,0.0597257968652,0.165767117834,0.46244405304,0.0274878548023
0.417743798815,0.00312453537274,0.00311285029189,0.0044255531731,0.00110857551197,0.05952434427,0.210821904776,0.293966620513,0.00617181727647
0.443681059123,0.0610101779106,0.0487394788703,0.00512831856535,0.00141508300276,0.0640655385408,0.0862814823432,0.171312818201,0.118366043443
0.537068258102,0.04449159939,0.037305995517,0.00623458070113,0.00449930157306,0.0324812130132,0.210563930602,0.0651619123165,0.0621932087854
0.0261671315503,0.290079905054,0.072451112943,0.0431470350073,0.00275996190425,0.214411262132,0.0146021302448,0.0692032642728,0.267178196891
0.254827893665,0.0158550508488,0.018856690605,0.019945934631,0.00215973079642,0.283804146991,0.0656214311384,0.268318953393,0.070610167931
0.0416657386892,0.660945551858,0.263242402837,0.0134479741044,0.000231958706228,0.000874461965543,0.0177472023056,0.000823434543666,0.00102127498961
0.42878464494,0.0023750396894,0.00180171086648,0.0027082366959,0.000561685167788,0.151437989315,0.0167016647634,0.35407483277,0.0415541957918
0.0432003376426,0.000519961971081,0.00109959849064,0.000806217801768,0.000354038452145,0.0133757708024,0.0420143818083,0.895125161832,0.00350453119938
0.763659803024,0.00171451644337,0.00187005032199,0.00202229470771,0.000769201369624,0.102845167205,0.0436971862174,0.00824896963178,0.0751728110791
0.458452187226,0.000574294038955,0.000487740867188,0.000487576123481,0.000516704162432,0.0209581835605,0.00257755959302,0.00635858548019,0.509587168949
0.642570886969,0.0075210682923,0.00736324512801,0.00169292879165,0.000622504301966,0.0378738249482,0.252549182251,0.026234890924,0.0235714683931
0.776059945032,0.0155572448552,0.00812077612845,0.00394245529514,0.000602900284693,0.0136744092951,0.0678692492922,0.108919473751,0.00525354606582
0.421180438047,0.0142639640131,0.0104761312407,0.00193141078678,0.000413403292826,0.0300091526389,0.0111969657193,0.338491313757,0.172037220505
0.028191290995,0.000873477296606,0.000666978399739,0.000209294464235,0.000135954508352,0.00186806802495,0.00361688744045,0.960483929753,0.00395411911768
0.0292295375183,0.00112200001448,0.00082877902878,0.00254980791381,0.000160000702148,0.937078932493,0.0101533010614,0.00259436479605,0.0162832764718
0.531831284939,0.00104818329024,0.00136561800045,0.00122661134633,0.000851648982855,0.0111842700552,0.0513043867856,0.314403586282,0.0867844103184
0.402758262449,0.00408564908372,0.00242156424912,0.00435503417227,0.000457647468371,0.0587947608827,0.0163857868811,0.469706043542,0.0410352512716
0.239455950015,0.00608519456178,0.00497526738307,0.00431322998816,0.000555973794317,0.0237438337178,0.0677528795317,0.646812365755,0.00630530525232
0.174921669112,0.00534329793787,0.0065615606354,0.000710662122287,0.00068360173633,0.0168440755476,0.00510339742397,0.328845224542,0.460986510942
0.762839436865,0.00146404476365,0.00157274984918,0.000780364073303,0.000226866471531,0.0135509373659,0.00480897174479,0.00655639821459,0.208200230652
0.500799655681,0.0028466589013,0.00335918240397,0.000868367937269,0.00461844848725,0.0240273150691,0.404575033028,0.0416871866831,0.0172181518093
0.133017979263,0.00287350261184,0.0016244081801,0.0004704220939,0.000404521224681,0.0185426465684,0.00362045152658,0.74627695349,0.0931691150415
0.79394154606,0.0038342715571,0.00251669836145,0.000519064484301,0.00101439103036,0.0526317269675,0.0646758138482,0.0618534594348,0.0190130282567
0.696386563113,0.00384829157227,0.00280302270782,0.00201519618037,0.000762792510931,0.145956102335,0.076530462049,0.0357579123348,0.0359396571974
0.206484575539,0.00157549081484,0.00159678687412,0.00109184763705,0.000428378701951,0.0171115311022,0.00134956567992,0.0305698849129,0.739791938738
0.553465331176,0.0394010480756,0.0435381778184,0.00230780565737,0.00254818870091,0.106639317476,0.119233230485,0.0944036232805,0.0384632773306
0.330309823602,0.0547067531832,0.0264034780656,0.0214504301085,0.0106414034148,0.0391602296001,0.320527679424,0.179331190127,0.017469012475
0.871347407668,0.00141039784708,0.002371919175,0.000349279166608,0.000462610461854,0.00705039697531,0.0216251480935,0.0896804275469,0.00570241306533
0.0543413531662,0.0354944118611,0.098442390806,0.0268462847044,0.00127129349895,0.394419317507,0.275576128317,0.0968713619436,0.0167374581957
0.103926898655,0.00390881507112,0.00292162776269,0.000212982390858,0.000212375481791,0.0353104798328,0.216086967257,0.6353758128,0.0020440407488
0.352504730381,0.0380377227798,0.027854972304,0.0280589333751,0.00651365016754,0.0511888118605,0.0947080485446,0.37337876944,0.0277543611472
0.464888336587,0.00713798146311,0.00326922231249,0.000391032887698,0.000292800591008,0.00803513714833,0.075604512432,0.43099302851,0.00938794806884
0.324380393844,0.00058742936018,0.000493320550596,0.000476350770133,0.000416737311451,0.0107197972791,0.000590700421178,0.00307914387326,0.65925612659
0.490426524212,0.0887362154204,0.0492411223189,0.00647017924068,0.00201598199562,0.0468389464343,0.0529273984175,0.0618155821969,0.201528049764
0.17363615979,0.0033078276849,0.00445378960067,0.00181264494149,0.000596936605235,0.293239273599,0.337488470603,0.017564316544,0.167900580632
0.33584027926,0.0191784589406,0.00852617055468,0.00267738440305,0.00254660450036,0.0248885610859,0.0437558034643,0.549986430493,0.0126003072981
0.665055839297,0.00712435115984,0.0198274604436,0.00897684981693,0.00127057098999,0.0809880205283,0.0883894625233,0.0118098604958,0.116557584745
0.0267986457586,0.000680475555123,0.000545389408396,0.000260119674088,4.52772901733e-05,0.00111060610459,0.000131180217132,0.000848257700558,0.969580048291
0.0457622927535,0.00115729619916,0.000706477951036,0.00464073874876,0.000166206854584,0.403161797319,0.00285631531454,0.00446419100971,0.53708468385
0.72734414792,0.0426426137817,0.0222879712407,0.0108505693488,0.0116348408717,0.0397091044523,0.0779207144631,0.0345441323043,0.0330659056171
0.0188081730686,0.00381485944474,0.000568370499504,0.000634754583341,0.000144348174895,0.00895040582228,0.0171588259743,0.941463451999,0.0084568104336
0.0923738389703,0.00142285207097,0.00398056672159,0.000450214384505,8.34433831253e-05,0.0108313752544,0.0150047462794,0.875418078451,0.000434884484664
0.918655986041,0.00962768712237,0.00263608329233,0.000835736747553,0.00118477502164,0.0140422072456,0.00198939154508,0.0280379015177,0.0229902314668
0.0064494279154,0.00148497011029,0.00142181932251,0.000307277943325,0.000121845657665,0.00754570937837,0.00781218129636,0.967772030309,0.00708473806711
0.869600345941,0.000303359458015,0.000637529531044,0.000127760423839,8.67407863467e-05,0.00175247771993,0.0366386209343,0.0900110873859,0.000842077819721
0.0147538504142,0.00247818526619,0.00103643308891,0.000633629334881,0.0004651210873,0.00565158672457,0.000907805365583,0.00846466305545,0.965608725663
0.694401307411,0.000334787458256,0.00063865771618,0.000481725528325,0.000282575998642,0.0032148615856,0.00353699925349,0.284758527384,0.0123505576642
0.973826190191,0.00680874447952,0.00015140453844,0.00053032035081,0.000134886686194,0.00934690813252,0.000207105294378,0.00265775130275,0.00633668902446
0.658358760557,0.00449168960487,0.00296878316558,0.000344849867435,0.000241067836529,0.00769676998403,0.00207690309814,0.319625847416,0.00419532847045
0.263059225073,0.0731595827879,0.045079994706,0.0212711688691,0.000349843696947,0.00947208297357,0.0230207705419,0.00843971916242,0.556147612189
0.197114441738,0.00246985879343,0.00261400548121,0.000900145396193,0.000501079372918,0.724300477335,0.0267167422972,0.0296022335221,0.0157810160639
0.781166683381,0.000576623815766,0.000446052063891,0.000295805164835,0.000228158927524,0.00934001064219,0.00143226753922,0.00659077882118,0.199923619645
0.731636669204,0.008442405778,0.00446413219837,0.00280122062611,0.00124859917826,0.0708265505153,0.0515506939596,0.0873886033311,0.041641125209
0.478581308304,0.179008175341,0.0479489186406,0.0164175662052,0.0383419026104,0.0607561907312,0.0291298977317,0.0407572369471,0.109058803488
0.276566249589,0.00149369479028,0.00231630921969,0.00197700345695,0.00120883542851,0.37309591694,0.159968301395,0.180479214521,0.00289447465898
0.409536294638,0.0928695730087,0.0339821018936,0.0196486229194,0.0139814012133,0.0436442387458,0.152719282252,0.0702843528448,0.163334132485
0.80449589213,0.00284836904094,0.00125704056742,0.00361350287102,0.000887690880286,0.0286738758772,0.0167475131984,0.104864497515,0.0366116179197
0.520376524258,0.0211565370236,0.00656923433463,0.00408724740109,0.000788567237261,0.0263421567161,0.0376235021788,0.03040547423,0.35265075662
0.895682119617,0.0534085587924,0.00298433845652,0.000546825540808,0.000474068060652,0.00712252815717,0.00138541502497,0.00817036073567,0.0302257856145
0.0502183414897,0.00116591525205,0.00303151056993,0.000605566950255,9.55070397391e-05,0.0227275070364,0.0017765386928,0.00218475722887,0.91819435574
0.968189998533,0.000338259526464,0.000489587954174,0.000245387247698,7.60498473776e-05,0.0185383605476,0.0020432130231,0.00691995465207,0.00315918866812
0.463946330993,0.0460378639989,0.0270380830146,0.0152169088797,0.00141735371769,0.0881167615523,0.155013284711,0.152251858321,0.0509615548116
0.0463854062802,0.00501646166332,0.00208728786364,0.0263635983006,0.006025368271,0.091719263483,0.00513334875598,0.218905563901,0.598363701481
0.159331844649,0.0445246351432,0.0766499995904,0.00309076515805,0.00163270663491,0.0533699212367,0.355973538349,0.299381824764,0.00604476447464
0.396404897354,0.00469849250488,0.00558950042256,0.00192713765478,0.000592333810237,0.250528859874,0.103006462122,0.0770052967219,0.160247019536
0.469157793189,0.0202633563541,0.0112850457852,0.00348316647104,0.00671351544302,0.0283251640046,0.0908231797708,0.269977411832,0.0999713671496
0.699940941785,0.00261212553296,0.00152077628089,0.00111848094857,0.000424498864183,0.0516030501098,0.00739334820046,0.189342194516,0.0460445837619
0.402688874457,0.00673677049051,0.0086608087094,0.00273016616706,0.00290966800923,0.024440014771,0.025257723915,0.355401900133,0.171174073348
0.446444419728,0.00136584122938,0.00230061976207,0.000726648623666,0.002946248964,0.0067985213566,0.00243665506631,0.0273750558273,0.509605989442
0.381448148396,0.161132474945,0.10712483496,0.0245991078621,0.00373895490537,0.0559667036389,0.0424882927788,0.0275698118026,0.195931670711
0.194228397316,0.00211525838777,0.00305037054627,0.00622690585535,0.000761967469771,0.274806666705,0.45316706162,0.0358179445922,0.0298254275081
0.887371143397,0.000433181593335,0.000418812607026,0.000118480482932,0.000102879374447,0.00630671906038,0.0138027294404,0.0777363671632,0.013709686881
0.866510483445,0.000376527681024,0.000558185620662,0.00031287737576,8.86586341118e-05,0.115958221134,0.00170230240615,0.0125803801718,0.001912363531
0.850762708777,0.00110244944611,0.00141677611574,0.000384219443193,0.00061076200059,0.0389953636991,0.0224581180084,0.0646006286632,0.019668973847
0.134592542294,0.00623777430747,0.00128012356179,0.000436772278553,0.000329523198388,0.00630188735477,0.00401113584369,0.501358300029,0.345451941132
0.633324893959,0.00628446212946,0.00619463446043,0.0030906730689,0.00184512215605,0.114504207362,0.0297046939169,0.0619263191215,0.143124993826
0.871579755496,0.00284425194015,0.00451187384965,0.000536768960462,0.00922355658107,0.00917309753424,0.0134686971692,0.0437658348965,0.0448961635724
0.941286147305,0.00589694856655,0.00541110936504,0.00128536633733,0.000252958755338,0.00981317132524,0.00718119243751,0.0199591843804,0.00891392152794
0.289755513751,0.0419654730766,0.019909287889,0.0105813156755,0.00194227895246,0.219038897386,0.342724329269,0.0581285309067,0.0159543730936
0.839282308226,0.000427362026858,0.000260113534391,9.14582650049e-05,0.00012224179326,0.00174078357133,0.00326233964616,0.150504078218,0.00430931471848
0.344650365343,0.00568382629264,0.0034802720254,0.00110627265605,0.000233340256404,0.0364495673308,0.00763684138968,0.0138008698189,0.586958644887
0.0470302602279,0.00264142959999,0.00169710062966,0.000281666016439,0.000165530413143,0.00547521823603,0.00172477589114,0.015441162701,0.925542856285
0.944724017666,0.000428171145252,0.00024345063909,0.000103108633214,0.000125192925135,0.00190506535289,0.00166689911418,0.023853718958,0.0269503755665
0.479630049075,0.0188417022522,0.0219891980896,0.00599009864713,0.00186003652824,0.173799883889,0.112229072108,0.135407668726,0.0502522906858
0.274019112833,0.00288796633917,0.00263954401474,0.000948024054369,0.000277947411458,0.154608311647,0.0141703536155,0.0389366518025,0.511512088283
0.783928760108,0.00195680552446,0.00263534690612,0.00103311006519,0.000985071995265,0.0186092399398,0.0195564400128,0.0519670405719,0.119328184876
0.573864982627,0.00196888425742,0.00103847175993,0.00246268113718,0.000733358732085,0.282762844374,0.0195213653781,0.0254055343133,0.0922418774213
0.290548925398,0.0171473907391,0.0124468424635,0.003259535391,0.00165202144681,0.0736970607603,0.0730237466674,0.454179950566,0.0740445265681
0.19692765926,0.0135106991183,0.0072218617995,0.00284079535738,0.000632636443795,0.337413415212,0.326173358474,0.0712809102822,0.0439986640529
0.755778928206,0.000472176761902,0.000470181160602,0.000242836767362,0.000250004350983,0.014188414372,0.0433418362475,0.0502600496676,0.134995572466
0.228353675819,0.00551932089699,0.00749343192917,0.00276643475797,0.00458890032297,0.166019050539,0.371825183119,0.164412581603,0.0490214210128
0.894858762915,0.00306524917114,0.000445507246796,0.000939023608802,0.000284585652142,0.0461675495106,0.00101185645325,0.0230918108873,0.0301356545547
0.900074203852,0.000550897426793,0.000584549854464,0.000259127238367,0.000246872413963,0.00674119916428,0.00402069096443,0.0217808140081,0.0657416450778
0.159341013813,0.00163199286088,0.00212778955122,0.000560871886917,0.000128271235953,0.0149868016006,0.00201967694207,0.303996102214,0.515207479896
0.685628528989,0.00108991654761,0.000860221978897,0.00123698778223,0.000257695472456,0.0662267280877,0.0126172289566,0.166982182814,0.0651005093706
0.271140422491,0.00527117663055,0.00213363535689,0.00133163827306,0.000769765613114,0.0665349410609,0.0114529386604,0.0153812364559,0.625984245458
0.029862499747,0.0024242912777,0.00276577806155,0.000699334983564,0.000289533989134,0.0109673592125,0.00231440499797,0.917630157718,0.0330466400129
0.0828139157589,0.0070531927248,0.00747873135755,0.0064581899352,0.000991510119688,0.107830326602,0.0470385516795,0.525633058562,0.21470252326
0.421581558575,0.0821767490431,0.0336488726035,0.00882281175391,0.000826324965564,0.0918637345815,0.065164253087,0.146808302619,0.149107392772
0.00147298740165,0.908623303388,0.0677604339243,0.0107791411142,0.000177089064255,0.00049864716151,0.000804501943359,0.000251592556573,0.00963230344646
0.00142322352295,0.671620951313,0.259160058951,0.00165555271867,0.00107035941216,0.0318014804782,0.00505230562987,0.0277589023831,0.000457165590823
0.000174328398518,0.975681322615,0.0185810628604,0.00444749416087,0.000127329524364,0.000252436780179,0.000151189535457,0.000354854157505,0.000229981967336
0.000265511995486,0.857160030507,0.0719271518852,0.069180555074,0.000168615668856,0.000279831522536,0.000452693976756,0.000309676092149,0.000255933278265
0.000546772221454,0.0360040603985,0.0723264786993,0.00771094739242,0.000145065204596,0.0020748847745,0.880440605388,0.000573166179737,0.000178019741066
0.00023323309441,0.974526187782,0.00360568237358,0.00777468932304,4.51613000537e-05,0.00104753292687,0.0124217523034,0.000153599344097,0.000192161552827
0.000292744908234,0.950267497802,0.0437763462292,0.00351473613084,0.000152072871477,0.000162315878236,0.0010332235339,0.000253407045712,0.000547655600291
0.0100883201397,0.611059128083,0.205163916417,0.152998410773,0.000620173931942,0.00545338023502,0.0124549909843,0.00110222162047,0.00105945781503
0.000413411469285,0.824098864266,0.117600289108,0.0468811488066,0.000905732132383,0.0016791835901,0.00778351496382,0.000372801822435,0.00026505384159
0.000278212362218,0.966179966961,0.0288469878028,0.000615712487604,0.000169992509281,0.000766176506328,0.000845115181214,0.00107391064991,0.00122392553985
0.000280106533819,0.73028369494,0.251735457462,0.000719545123439,0.000651136478375,0.00632889406504,0.00443283346579,0.00526461405257,0.000303717878876
0.000313559259241,0.979278242948,0.016844474172,0.00133450413031,9.9664562801e-05,0.000529887343084,0.000528450062195,0.000540686381742,0.000530531140623
0.00127950660711,0.213539191646,0.674689281032,0.0145795188792,0.000283133768388,0.00475479291555,0.0732129091296,0.0164251064564,0.00123655956516
0.0053557842561,0.883014540979,0.0713910959399,0.0207474029155,0.000496682864132,0.00068200060994,0.01582498795,0.00190893832507,0.000578566160054
0.00121840354752,0.782092561818,0.196852032607,0.00370411225882,0.0103995974781,0.00102261659995,0.00209538264717,0.00146980442556,0.00114548861785
0.00097187540361,0.950142522859,0.0292520118121,0.00640430560727,0.00388114365953,0.0033131672255,0.00252525576907,0.00204138315851,0.001468334505
0.000705007402227,0.929100466244,0.0433854603714,0.0207347107052,0.000420344179221,0.000690187136208,0.00385771471623,0.000744742044072,0.000361367201682
0.00050512718447,0.752632780555,0.235819450844,0.00711541407634,0.000408159236159,0.000601565411102,0.000717214344742,0.00135982628428,0.000840462064142
0.0272394978316,0.499528528817,0.307848345973,0.0434701619397,0.00302306379291,0.00521307151043,0.1102251876,0.00191368980828,0.00153845272621
9.56292666386e-05,0.991308952117,0.00541281198186,0.0016129392283,3.33646519486e-05,0.000124694526394,0.000373280280536,0.000970425695026,6.79022521594e-05
0.000709896975688,0.907638225402,0.0670406860706,0.00120662931422,0.00754296729314,0.00565813964034,0.00347688218456,0.00561946581262,0.00110710730631
0.000649362132869,0.715398415388,0.245335899709,0.029989653747,0.00383365932009,0.00269737049465,0.000712293254574,0.000612367959577,0.000770977994766
0.0332829606472,0.4186781231,0.163661223445,0.0228726388729,0.00138241629293,0.027143433736,0.253546606267,0.029860958207,0.0495716394319
0.00557312901823,0.566893357713,0.327880004914,0.0771819889387,0.00054400104996,0.00243475528271,0.0171827684571,0.0015758165505,0.000734178076035
0.000243561089864,0.545123304987,0.406237659353,0.000697629333808,0.000809084523875,0.00714201225556,0.0368171604642,0.00261877888654,0.000310809106478
0.000360800469348,0.765922905105,0.20827779861,0.0210051151795,0.000279842300641,0.000374347837882,0.000384932935948,0.00265585700165,0.000738400559897
0.00153785690853,0.957924397024,0.0125155006066,0.0138515231116,0.000148723510622,0.00135908717595,0.0101292225742,0.00174260696167,0.000791082127087
9.43264632446e-05,0.882154529874,0.106743116931,0.0104637984518,0.000105537004634,0.000112329169553,0.000110267866392,0.000134190998805,8.19032408236e-05
0.00469861632208,0.925550705618,0.0405821595523,0.0147991178996,0.000379089105976,0.0038066008617,0.00290620605713,0.00281144152476,0.00446606305854
0.00265991675506,0.634178395959,0.296163202203,0.0253335111793,0.00350105138523,0.00993356110934,0.0192300029436,0.00434043797321,0.00465992049237
0.000666881643645,0.956539096783,0.0163477037245,0.0228126772841,0.000380271827912,0.0010190813506,0.000597746914352,0.00106591422464,0.000570626246867
0.000164495402546,0.865277418697,0.120845997597,0.011964710952,0.000112242058606,0.000407836521688,0.000576581077694,0.000431957338625,0.000218760354402
0.000963287132399,0.370899288844,0.171720241492,0.0499743950755,0.00148250837986,0.384653308294,0.0145786881611,0.00489098531273,0.000837297308186
0.000267927850736,0.290722587043,0.617793918142,0.0892973300797,0.000157032278758,0.000557703422806,0.000563678463519,0.000394555218914,0.000245267500326
0.00101509399952,0.528172365062,0.396219639594,0.0464344113191,0.000131251800126,0.000358609561132,0.0269569331761,0.000464521011508,0.000247174476598
0.000514036224261,0.460055770828,0.497776392881,0.0330647241667,0.000276585438442,0.00106113791424,0.00622071024465,0.000604501068737,0.000426141233811
0.00294504064942,0.935863402293,0.039011407802,0.00907533269212,0.00153857570149,0.00125816848944,0.00111979734097,0.00457279985211,0.00461547517913
0.000699459985786,0.940675922861,0.033721414006,0.0192988111759,0.000519271959932,0.000687685955098,0.00262576247262,0.00067568365342,0.00109598793009
0.000594061714267,0.900099137989,0.0695385899632,0.0257927079071,0.000315271928407,0.00110046276395,0.00064747096064,0.00122346953465,0.000688827238733
0.000573080881826,0.80818444258,0.185134800365,0.00340268123529,0.000198645565621,0.000602369659575,0.000412557592131,0.000540520571251,0.000950901549132
0.00300446377601,0.825890990488,0.0984507809656,0.0593278437431,0.000241000917642,0.000483695768572,0.0115576974154,0.000630988942986,0.000412537982391
0.000112565914076,0.958370012978,0.0391654778547,0.0017239542682,7.33980885779e-05,8.6199002024e-05,0.000328384483666,7.49818352005e-05,6.502557566e-05
0.000297124794163,0.889470529685,0.102081269545,0.00677121700944,0.000163455636523,0.000486199954751,0.000233146034111,0.000269356625906,0.000227700715133
0.000508409675841,0.465026536721,0.503494702609,0.00107596745931,0.00275738195624,0.00333526164936,0.00167916801442,0.0215584736252,0.000564098289146
0.000154228822421,0.928786544535,0.0296288031496,0.0400614078494,7.70519064355e-05,0.000280935311663,0.00062902775326,0.000172905277315,0.000209095395111
0.00285659635718,0.476884616223,0.4057443599,0.0398607224852,0.00741675794276,0.00728651306162,0.0520393725053,0.0052252881891,0.00268577333628
8.52972909077e-05,0.991750820692,0.00587908353528,0.00163229569484,0.000136337862797,0.000110441216595,0.000242710572377,7.70307318246e-05,8.59824033432e-05
0.000381184863047,0.245143627812,0.689645113989,0.0629095602415,0.0002686943375,0.000432207365802,0.000522137650003,0.000407864919672,0.000289608820811
0.00974874824729,0.955622190811,0.0111393421941,0.0110058922615,0.00577809427821,0.00133314027533,0.00349369484036,0.000843855733753,0.00103504135809
0.000141514110782,0.961660403321,0.0353115734045,0.00183305553948,0.000142430952575,8.85694415418e-05,0.00046775659149,0.000226866624145,0.000127830014782
0.000387554815745,0.35814408779,0.603795772522,0.0349443455275,0.000132772678805,0.000300421845242,0.00158893699374,0.000487681160088,0.000218426667091
0.00485911738612,0.758856398693,0.186252234389,0.00319770158912,0.000849637523216,0.00600861876698,0.0192667614404,0.0197081107209,0.0010014194913
0.00150164194331,0.502972790093,0.341010647355,0.120196468651,0.000700868195882,0.00194940958435,0.0277119128056,0.00175611236113,0.0022001490097
0.0010564573885,0.723314701166,0.259305534816,0.0127042160586,0.000275200027311,0.000796249273711,0.000538254874037,0.00125767844897,0.000751707946901
0.0011229018068,0.09119462465,0.302578001017,0.00902935233315,0.000126691266256,0.00576296307865,0.587863989399,0.0018088530129,0.000512623436247
0.0093571490385,0.422977234404,0.517752921319,0.0350372678635,0.000193152459283,0.00131120007062,0.011779203091,0.000590433341528,0.00100143841209
0.0159705698283,0.759728179929,0.153013674296,0.0349749943096,0.000549407893801,0.00159223279178,0.0285612283418,0.0040017476091,0.0016079650005
0.000175635954456,0.130120326446,0.8622935337,0.000247847628984,0.000198126345616,0.000890832655698,0.00163404479773,0.00427931845859,0.00016033401325
0.131711851641,0.0878294573239,0.0650672131036,0.0148149791667,0.000405890005456,0.0387866662304,0.00875887801929,0.0029098796863,0.649715184823
0.000440907277929,0.598243326506,0.0197299417812,0.378164541638,0.000456336900249,0.0010790036533,0.00125252079993,0.000240329515076,0.000393091928472
0.00075635514584,0.822462052445,0.143498242363,0.0216913000891,0.00223329106111,0.00155580959992,0.00484840351312,0.0013502313426,0.0016043144405
0.00136915840184,0.741941128822,0.219666734491,0.0300967451357,0.000178821892221,0.000648744227518,0.00494467612809,0.000493443935913,0.000660546965712
0.021117964401,0.76681691455,0.114662704929,0.00946793101336,0.00156139994446,0.0344559815648,0.0246387634274,0.0117335387737,0.0155448013966
0.00115176200509,0.786315627345,0.183517153991,0.0240346191712,0.000279349900256,0.0015919064528,0.00155424735797,0.000780107563641,0.000775226213022
0.00690171364079,0.738750791457,0.174449689931,0.00939680130454,0.00110940812652,0.0240981578607,0.0227800860032,0.0139791960308,0.00853415564589
0.00439679600211,0.808153763906,0.140781184706,0.0114413064434,0.00366007093637,0.00608802918354,0.0124571498649,0.0073761501978,0.00564554875986
0.00166350262135,0.677679000826,0.192747620957,0.111612667974,0.00867260906073,0.00130181537953,0.00234970494834,0.00259396923155,0.00137910900116
0.00499446516008,0.299442270856,0.462521951938,0.147154758164,0.00100756553932,0.0535064891759,0.0182298846723,0.00444334806901,0.00869926642515
0.000389165620258,0.950086876636,0.0399476193722,0.00618607491913,7.63942466258e-05,0.000294553720799,0.00256991148144,0.000319424092601,0.00012997991143
0.00997702902634,0.753654947458,0.1138303135,0.00547231054613,0.00112054272377,0.0311858828973,0.0347896593603,0.0176797941242,0.032289520364
0.000736194798411,0.791907562936,0.183813876287,0.0169596281529,0.00167680966884,0.000171678426238,0.00437882690084,0.000238951619252,0.000116471210153
0.000430019343964,0.901212257145,0.0865548713209,0.00747673773243,0.00227072003033,0.000422153056623,0.000395193337453,0.00062188971142,0.00061615832142
0.0006666130618,0.88159926678,0.112380439467,0.00407231703106,0.000199449837031,0.000196831435881,0.000419373215528,0.000244026052063,0.000221683118793
0.000310115925624,0.743722628128,0.238440756778,0.0121277981148,0.000268062562338,0.000509166411593,0.00238531059995,0.000901735312825,0.00133442616759
0.00172943798505,0.440968150499,0.521066695761,0.0282419244239,0.000787386462459,0.00261587183761,0.000702480883531,0.00171056101231,0.00217749113466
0.000733255653228,0.832195636906,0.128226857764,0.032185093203,0.000161020926275,0.00101474365907,0.0039497765962,0.00118027901565,0.000353336276552
0.00771678165776,0.498037968498,0.257631698041,0.159511877535,0.000741044699654,0.0317218398731,0.0253487457624,0.0114633735285,0.00782667040375
0.000647841021638,0.522976044604,0.45448892991,0.0156583710053,0.000418277967994,0.000368080701421,0.00364706667998,0.00125839690597,0.000536991203411
0.00101187172934,0.920811993875,0.0506715505808,0.017531862011,0.000192218620026,0.000617754012374,0.00629436384471,0.00178693804397,0.00108144728272
0.00028852082131,0.844754360653,0.138458716835,0.0140675843359,0.000244786461042,0.000580337038861,0.000566970489373,0.000583733157442,0.0004549902086
0.0042106023328,0.719386988923,0.188569395005,0.0616360740612,0.000228432239905,0.00482687349577,0.0150615167336,0.00120308072752,0.00487703648198
0.000269361223456,0.927448078884,0.0642613387503,0.00563564038421,0.000523758027198,0.000314782223008,0.00071171292291,0.000633697094726,0.000201630490068
