The 0th datasets
layer:2, neurons: 512, epoch: 30, batch_size: 128
ave: 0.496194862981, stddev: 0.0113897124699
score_test[0]: 0.456371664422
The 1th datasets
layer:2, neurons: 512, epoch: 30, batch_size: 128
ave: 0.496533046143, stddev: 0.0138091230292
score_test[1]: 0.473693708624
The 2th datasets
layer:2, neurons: 512, epoch: 30, batch_size: 128
ave: 0.497112008652, stddev: 0.0116849664272
score_test[2]: 0.469861080877
The 3th datasets
layer:2, neurons: 512, epoch: 30, batch_size: 128
ave: 0.498054065556, stddev: 0.0113804693202
score_test[3]: 0.473395739807
The 4th datasets
layer:2, neurons: 512, epoch: 30, batch_size: 128
ave: 0.493857758969, stddev: 0.0117121732485
score_test[4]: 0.482848296614
The 5th datasets
layer:2, neurons: 512, epoch: 30, batch_size: 128
ave: 0.495956110488, stddev: 0.0128437047511
score_test[5]: 0.472574393383
The 6th datasets
layer:2, neurons: 512, epoch: 30, batch_size: 128
ave: 0.492389215592, stddev: 0.011023611192
score_test[6]: 0.502566324675
The 7th datasets
layer:2, neurons: 512, epoch: 30, batch_size: 128
ave: 0.498610005302, stddev: 0.0111589394762
score_test[7]: 0.471048814616
The 8th datasets
layer:2, neurons: 512, epoch: 30, batch_size: 128
ave: 0.496229785517, stddev: 0.0110237737452
score_test[8]: 0.464218684512
The 9th datasets
layer:2, neurons: 512, epoch: 30, batch_size: 128
ave: 0.494728256104, stddev: 0.0113669659969
score_test[9]: 0.477610628
